76
79
82
85
88
91
94
97
99
101
103
105
107
109
110
112
114
116
118
120
122
124
126
128
130
132
134
137
140
143
146
149
152
155
158
160
162
164
167
170
173
176
178
180
183
185
187
190
192
194
196
198
200
202
203
205
206
209
211
214
217
221
223
226
229
232
235
237
239
241
243
245
247
249
252
254
256
258
260
262
264
266
268
270
272
274
276
278
281
284
286
289
292
294
297
300
303
307
309
311
313
315
318
321
324
327
329
331
334
337
340
343
346
349
352
356
359
361
363
366
368
370
373
375
378
379
382
384
386
388
390
391
393
395
397
399
401
403
405
407
409
411
413
416
418
420
422
424
426
428
430
432
434
436
439
442
445
448
451
453
456
459
462
465
467
469
472
474
476
478
481
484
487
490
493
497
501
505
509
512
515
518
521
524
527
530
534
537
539
542
545
548
551
554
558
561
564
567
570
573
577
580
583
586
589
591
592
595
598
600
603
606
609
612
615
618
621
623
625
628
631
634
637
640
642
644
646
648
650
652
654
656
658
660
662
664
666
668
670
672
674
676
678
680
682
684
686
688
690
692
694
696
698
700
702
704
706
708
710
712
714
716
718
720
722
724
726
728
730
732
734
736
738
739
741
742
744
745
747
749
751
752
754
755
757
759
761
763
765
767
769
771
774
775
777
778
780
782
784
786
788
789
791
793
795
797
799
801
803
805
807
809
811
813
815
817
819
821
823
825
827
829
831
834
837
840
842
844
846
848
850
852
854
855
858
860
861
863
864
867
869
870
872
873
875
877
879
881
883
885
887
889
891
893
895
897
899
901
903
906
908
911
914
917
921
924
928
930
933
936
939
942
945
948
951
954
957
960
962
964
966
968
971
973
975
977
980
982
984
986
988
990
992
994
996
999
1003
1006
1009
1012
1015
1018
1023
1027
1032
1050
1056
1058
1064
1085
1090
1095
1100
1107
1111
1117
1197
1199
1201
1207
1212
1213
1218
1227
1232
1243
1246
1249
1252
1254
1257
1345
1348
1351
1354
1357
1360
1363
1366
1369
1372
1375
1378
1381
1384
1387
1390
1393
1396
1399
1402
1405
1408
1411
1413
1416
1418
1420
1422
1424
1426
1428
1430
1432
1434
1436
1439
1442
1445
1448
1451
1454
1457
1460
1463
1467
1471
1475
1478
1482
1484
1486
1489
1492
1495
1498
1501
1504
1507
1510
1513
1516
1518
1520
1522
1525
1528
1531
1534
1537
1540
1542
1544
1547
1550
1553
1556
1558
1560
1562
1564
1566
1568
1571
1573
1575
1577
1579
1580
1583
1584
1586
1587
1589
1590
1592
1594
1597
1599
1601
1603
1605
1607
1609
1610
1612
1614
1616
1618
1621
1623
1625
1627
1628
1632
1634
1637
1640
1643
1646
1650
1654
1657
1660
1663
1665
1667
1669
1672
1675
1679
1682
1686
1690
1694
1698
1702
1706
1710
1714
1717
1719
1722
1725
1727
1729
1732
1735
1738
1741
1744
1747
1749
1751
1753
1755
1757
1759
1761
1763
1765
1767
1769
1771
1772
1774
1776
1778
1781
1784
1787
1790
1793
1797
1801
1806
1810
1815
1819
1823
1827
1831
1834
1838
1842
1845
1848
1851
1854
1857
1859
1861
1863
1865
1867
1868
1871
1872
1874
1875
1878
1881
1882
1884
1885
1887
1889
1890
1892
1895
1898
1901
1904
1907
1910
1912
1915
1918
1920
1922
1924
1926
1928
1930
1932
1935
1937
1939
1941
1943
1945
1948
1951
1953
1955
1957
1960
1963
1965
1967
1969
1971
1973
1975
1978
1980
1982
1984
1986
1989
1992
1994
1996
1998
2000
2002
2005
2008
2011
2014
2017
2020
2023
2026
2029
2033
2036
2038
2040
2042
2045
2047
2050
2053
2056
2059
2062
2065
2068
2070
2072
2074
2076
2078
2080
2082
2084
2086
2088
2090
2093
2096
2099
2102
2104
2106
2109
2111
2113
2116
2119
2122
2124
2128
2132
2135
2137
2139
2141
2144
2147
2149
2151
2153
2155
2157
2159
2161
2164
2167
2171
2174
2176
2178
2180
2183
2186
2188
2190
2192
2194
2196
2199
2202
2205
2208
2211
2214
2217
2220
2223
2226
2228
2231
2233
2237
2240
2243
2247
2250
2253
2257
2259
2261
2263
2264
2266
2268
2270
2271
2274
2277
2279
2281
2283
2284
2287
2290
2293
2295
2297
2299
2301
2303
2304
2307
2309
2311
2313
2314
2316
2317
2319
2320
2322
2324
2326
2329
2332
2334
2336
2339
2342
2345
2348
2350
2353
2356
2359
2362
2365
2368
2371
2373
2375
2378
2381
2383
2385
2388
2391
2394
2397
2399
2402
2405
2407
2409
2411
2413
2415
2418
2421
2423
2426
2429
2431
2434
2437
2440
2443
2446
2448
2450
2452
2454
2456
2458
2460
2461
2463
2464
2466
2468
2470
2472
2474
2476
2478
2480
2482
2484
2486
2488
2490
2492
2494
2496
2498
2500
2502
2504
2505
2507
2509
2511
2513
2515
2516
2519
2522
2525
2529
2532
2534
2536
2539
2541
2544
2546
2550
2553
2556
2559
2562
2565
2568
2571
2574
2577
2579
2580
2583
2585
2587
2590
2593
2595
2597
2599
2602
2605
2608
2611
2614
2617
2620
2623
2625
2627
2629
2632
2635
2637
2639
2642
2645
2649
2653
2657
2662
2667
2671
2675
2679
2683
2688
2694
2700
2704
2707
2710
2712
2715
2717
2720
2722
2724
2725
2727
2729
2731
2733
2734
2736
2738
2740
2741
2743
2744
2746
2747
2749
2751
2753
2755
2757
2760
2762
2764
2767
2769
2771
2773
2775
2777
2779
2781
2784
2786
2788
2790
2792
2794
2796
2798
2800
2802
2804
2806
2808
2810
2812
2814
2816
2817
2819
2821
2822
2824
2825
2827
2829
2831
2832
2834
2836
2838
2840
2841
2843
2844
2846
2848
2850
2852
2853
2855
2856
2858
2860
2862
2864
2866
2868
2870
2872
2874
2876
2877
2879
2881
2883
2885
2887
2889
2891
2893
2895
2897
2899
2901
2903
2905
2907
2909
2911
2913
2915
2917
2919
2921
2923
2925
2927
2929
2931
2933
2935
2937
2939
2941
2943
2945
2947
2949
2951
2953
2955
2957
2959
2961
2964
2968
2971
2975
2980
2984
2989
2995
3002
3006
3007
3010
3015
3019
3023
3027
3030
3032
3035
3038
3041
3044
3047
3050
3053
3056
3059
3062
3065
3068
3071
3072
3075
3077
3078
3080
3081
3083
3084
3086
3088
3090
3091
3094
3096
3098
3100
3102
3104
3106
3108
3110
3112
3114
3116
3118
3120
3122
3124
3126
3128
3130
3132
3134
3136
3138
3140
3143
3146
3149
3153
3158
3164
3174
3217
3219
3224
3230
3246
3252
3259
3266
3273
3278
3282
3286
3289
3293
3295
3297
3301
3302
3304
3308
3316
3438
3457
3464
3469
3478
3486
3488
3490
3495
3497
3503
3507
3514
3525
3536
3543
3548
3553
3557
3560
3563
3567
3571
3578
3583
3588
3595
3794
3798
3801
3805
3808
3811
3814
3818
3822
3826
3830
3834
3838
3842
3846
3850
3854
3858
3861
3863
3866
3868
3870
3874
3876
3879
3882
3884
3886
3889
3891
3894
3897
3900
3903
3906
3907
3909
3910
3913
3915
3918
3921
3924
3927
3930
3933
3936
3939
3942
3945
3948
3951
3954
3957
3960
3964
3967
3970
3974
3977
3981
3985
3989
3993
3996
3999
4002
4005
4008
4011
4014
4017
4020
4024
4027
4030
4033
4036
4039
4042
4045
4048
4051
4054
4057
4060
4063
4067
4070
4074
4078
4082
4086
4090
4095
4100
4106
4114
4121
4128
4134
4140
4145
4150
4155
4160
4164
4168
4172
4176
4179
4182
4186
4190
4193
4197
4199
4201
4203
4208
4212
4216
4220
4224
4227
4230
4233
4236
4239
4242
4245
4248
4251
4254
4257
4260
4263
4266
4269
4272
4275
4278
4281
4283
4285
4287
4289
4290
4292
4295
4297
4300
4303
4306
4309
4311
4314
4317
4320
4324
4327
4331
4335
4338
4342
4345
4349
4353
4356
4359
4363
4367
4371
4374
4377
4379
4380
4382
4384
4386
4389
4392
4395
4398
4401
4403
4405
4408
4410
4412
4415
4417
4421
4424
4427
4429
4432
4435
4438
4441
4444
4446
4448
4450
4453
4456
4458
4461
4464
4467
4470
4473
4477
4481
4485
4489
4493
4497
4500
4504
4508
4512
4516
4520
4524
4528
4531
4534
4537
4540
4543
4547
4551
4555
4560
4564
4568
4572
4576
4580
4584
4587
4591
4595
4598
4603
4607
4613
4620
4628
4636
4645
4735
5030
5051
5086
5103
5109
5201
5212
5217
5220
5223
5226
5230
5248
5257
5264
5268
5276
5280
5286
5289
5292
5386
5388
5392
5395
5397
5400
5403
5406
5409
5411
5414
5417
5420
5423
5426
5430
5433
5437
5441
5445
5448
5451
5454
5458
5461
5464
5467
5471
5475
5478
5482
5485
5489
5493
5497
5500
5502
5504
5505
5507
5508
5510
5513
5515
5517
5519
5522
5525
5528
5531
5534
5537
5540
5543
5546
5549
5552
5555
5557
5560
5562
5565
5568
5571
5574
5577
5579
5582
5585
5588
5590
5592
5594
5596
5597
5598
5600
5602
5604
5606
5609
5611
5613
5615
5617
5619
5622
5624
5626
5629
5632
5635
5638
5641
5644
5646
5648
5651
5654
5656
5658
5661
5663
5665
5667
5669
5671
5673
5675
5677
5679
5681
5683
5685
5687
5689
5691
5693
5695
5697
5699
5701
5703
5705
5707
5709
5711
5713
5716
5718
5720
5722
5724
5726
5728
5730
5732
5734
5736
5738
5739
5741
5743
5745
5747
5749
5751
5753
5755
5757
5759
5761
5763
5765
5767
5770
5772
5775
5778
5781
5784
5787
5790
5793
5796
5798
5801
5803
5805
5807
5809
5811
5813
5815
5817
5819
5821
5823
5825
5827
5829
5831
5833
5835
5837
5839
5841
5843
5845
5847
5849
5851
5852
5854
5856
5858
5860
5862
5864
5866
5868
5870
5872
5874
5877
5880
5883
5886
5889
5892
5895
5898
5901
5904
5907
5910
5914
5918
5922
5926
5930
5934
5939
5944
5949
5955
5962
5971
5986
6104
6110
6115
6119
6123
6126
6129
6133
6136
6139
6141
6144
6145
6148
6151
6153
6155
6158
6161
6163
6165
6168
6171
6174
6177
6180
6183
6185
6188
6190
6192
6195
6197
6199
6202
6205
6208
6210
6212
6215
6217
6220
6223
6226
6229
6232
6235
6238
6241
6244
6247
6249
6252
6254
6257
6261
6264
6268
6272
6274
6276
6278
6281
6284
6287
6289
6292
6295
6298
6301
6303
6305
6308
6311
6312
6314
6315
6317
6319
6321
6323
6325
6327
6329
6331
6333
6335
6338
6341
6344
6347
6351
6354
6357
6360
6363
6366
6369
6372
6375
6378
6381
6384
6387
6390
6393
6397
6400
6402
6404
6407
6408
6410
6412
6414
6416
6418
6419
6422
6425
6428
6429
6431
6432
6434
6435
6437
6439
6441
6443
6445
6447
6450
6453
6455
6458
6460
6462
6464
6466
6468
6470
6472
6474
6476
6478
6480
6482
6485
6488
6491
6494
6497
6500
6503
6506
6509
6511
6514
6517
6520
6523
6526
6529
6532
6535
6538
6541
6544
6547
6550
6553
6556
6558
6560
6562
6564
6566
6568
6570
6572
6573
6575
6576
6578
6579
6581
6583
6585
6586
6587
6590
6593
6597
6601
6606
6611
6617
6624
6631
6637
6643
6648
6653
6658
6664
6670
6676
6682
6687
6692
6696
6700
6704
6709
6714
6718
6722
6726
6730
6733
6737
6740
6744
6748
6753
6817
6827
6833
6838
6842
6846
6849
6852
6855
6858
6860
6863
6865
6867
6869
6871
6873
6875
6877
6879
6881
6883
6885
6887
6889
6891
6894
6896
6898
6900
6902
6904
6906
6908
6910
6912
6914
6916
6918
6921
6924
6927
6929
6931
6933
6935
6937
6939
6941
6943
6945
6947
6949
6951
6953
6955
6957
6959
6961
6963
6965
6967
6969
6971
6973
6975
6977
6979
6981
6983
6985
6987
6989
6991
6993
6995
6997
6999
7001
7003
7005
7007
7009
7011
7013
7015
7017
7018
7020
7021
7023
7024
7026
7028
7030
7031
7033
7034
7036
7038
7040
7041
7044
7046
7048
7050
7052
7054
7056
7058
7060
7061
7063
7065
7067
7069
7071
7073
7075
7077
7080
7083
7086
7088
7091
7094
7097
7100
7103
7106
7109
7112
7115
7118
7121
7123
7125
7127
7129
7131
7132
7134
7135
7137
7139
7141
7144
7147
7150
7153
7156
7159
7161
7163
7165
7168
7171
7173
7175
7178
7181
7184
7187
7190
7193
7196
7199
7202
7204
7206
7209
7213
7217
7221
7225
7230
7235
7242
7249
7256
7262
7268
7275
7280
7284
7288
7291
7294
7297
7299
7301
7304
7305
7307
7308
7310
7311
7313
7314
7316
7318
7320
7321
7323
7326
7328
7330
7332
7334
7335
7337
7339
7340
7342
7343
7345
7347
7348
7351
7354
7356
7358
7360
7362
7364
7365
7367
7368
7371
7374
7376
7377
7380
7382
7384
7386
7388
7389
7392
7393
7395
7398
7400
7402
7405
7407
7410
7413
7414
7416
7417
7419
7420
7422
7423
7425
7426
7428
7430
7432
7433
7436
7439
7441
7443
7445
7447
7449
7451
7453
7456
7459
7462
7464
7467
7469
7471
7474
7476
7479
7482
7484
7487
7490
7494
7497
7501
7503
7505
7507
7509
7512
7514
7517
7519
7521
7524
7527
7531
7536
7541
7545
7549
7554
7559
7564
7570
7575
7580
7585
7589
7593
7596
7599
7602
7604
7607
7609
7611
7613
7614
7616
7617
7619
7620
7622
7624
7627
7630
7632
7634
7637
7640
7643
7646
7648
7650
7652
7654
7655
7656
7658
7660
7662
7664
7666
7668
7671
7673
7676
7679
7682
7685
7688
7692
7696
7700
7704
7708
7712
7716
7719
7722
7725
7728
7731
7733
7735
7738
7741
7744
7747
7751
7754
7757
7760
7763
7766
7769
7773
7776
7780
7784
7788
7791
7795
7798
7801
7804
7807
7810
7813
7817
7820
7822
7825
7827
7829
7832
7834
7836
7838
7840
7841
7844
7847
7849
7852
7854
7856
7858
7860
7863
7866
7869
7871
7873
7875
7877
7879
7882
7884
7886
7888
7890
7892
7894
7896
7898
7900
7902
7904
7907
7910
7913
7916
7919
7922
7925
7928
7931
7934
7937
7940
7943
7946
7949
7952
7955
7959
7963
7967
7970
7973
7976
7979
7982
7984
7989
7992
7995
7998
8004
8008
8012
8015
8019
8023
