0 0.999984 0.0036995 -0.00416387 0.00251407 -0.00369069 0.999991 0.00212076 -0.00593972 0.00417168 -0.00210536 0.999989 -0.00877231 
8 0.992106 0.00358287 0.125351 -0.395199 -0.00782519 0.999413 0.0333676 -0.428829 -0.125158 -0.0340851 0.991551 -1.15506 
10 0.983189 -0.00358185 0.182557 -0.59115 -0.00450368 0.999028 0.0438566 -0.618393 -0.182537 -0.0439415 0.982217 -1.54508 
12 0.970336 -0.013955 0.241357 -0.761921 -0.00204847 0.997822 0.0659285 -0.860873 -0.241751 -0.0644672 0.968194 -1.90438 
14 0.949247 -0.0324195 0.312858 -0.991644 0.00793544 0.996826 0.0792179 -1.13315 -0.314433 -0.0727147 0.946491 -2.30359 
16 0.923929 -0.0328545 0.38115 -1.28874 -0.00518973 0.995137 0.0983593 -1.42248 -0.382528 -0.0928551 0.919266 -2.61573 
18 0.894729 -0.0465455 0.444178 -1.4234 -0.00914905 0.992435 0.122427 -1.75382 -0.446517 -0.113603 0.887534 -2.93241 
20 0.849469 -0.0588928 0.524342 -1.67466 -0.0132719 0.991052 0.132814 -2.08881 -0.527472 -0.11978 0.841086 -3.24657 
22 0.800567 -0.0801319 0.593861 -1.87995 -0.0245979 0.985789 0.166176 -2.60874 -0.598738 -0.147643 0.78722 -3.45077 
24 0.733359 -0.11553 0.669953 -2.0631 -0.0210018 0.981135 0.192182 -3.09892 -0.679517 -0.155008 0.717098 -3.70524 
25 0.696828 -0.133901 0.704628 -2.11178 -0.028701 0.976426 0.213935 -3.44975 -0.716664 -0.169299 0.676558 -3.89088 
26 0.654108 -0.14633 0.742112 -2.24838 -0.0410419 0.972798 0.227991 -3.77953 -0.755287 -0.179589 0.630309 -4.01783 
27 0.613504 -0.165526 0.772149 -2.3445 -0.0422417 0.969507 0.241396 -4.10205 -0.788561 -0.180714 0.587804 -4.23235 
28 0.568286 -0.187474 0.801189 -2.47011 -0.0457759 0.964987 0.258271 -4.34787 -0.821557 -0.183447 0.539807 -4.34551 
29 0.507017 -0.209373 0.83612 -2.70295 -0.0641479 0.958193 0.278841 -4.78898 -0.859546 -0.195012 0.472389 -4.52867 
30 0.458583 -0.227616 0.859007 -2.9001 -0.064404 0.955586 0.287589 -5.04463 -0.886315 -0.187207 0.423556 -4.74935 
31 0.399713 -0.24976 0.881958 -3.17986 -0.0631593 0.952372 0.298325 -5.24593 -0.914462 -0.174948 0.364901 -5.05152 
32 0.350288 -0.268457 0.897345 -3.36131 -0.0589345 0.94983 0.307165 -5.43688 -0.934786 -0.160481 0.316893 -5.58906 
33 0.292894 -0.289207 0.911357 -3.567 -0.0702412 0.944074 0.322164 -5.69992 -0.953561 -0.158375 0.2562 -5.88851 
35 0.181061 -0.313874 0.932041 -4.22725 -0.0639852 0.941937 0.329637 -5.89532 -0.981388 -0.119321 0.150465 -6.76099 
36 0.130487 -0.318776 0.938805 -4.44136 -0.069574 0.941623 0.329403 -5.89241 -0.989006 -0.108299 0.100691 -6.97199 
38 0.0400487 -0.332803 0.942145 -4.93377 -0.0711346 0.93956 0.334914 -5.9084 -0.996662 -0.080432 0.0139544 -7.47434 
40 -0.0312954 -0.341432 0.939385 -5.38218 -0.0760731 0.937933 0.33837 -5.96632 -0.996611 -0.0608725 -0.0553268 -8.10448 
42 -0.0884575 -0.345027 0.934415 -5.79775 -0.0802762 0.93751 0.33857 -5.99287 -0.99284 -0.0450622 -0.110627 -8.89008 
44 -0.125149 -0.346096 0.929815 -6.09772 -0.0835445 0.937531 0.337723 -6.0158 -0.988614 -0.0354152 -0.146245 -9.84435 
46 -0.148291 -0.349981 0.924945 -6.29782 -0.081747 0.936423 0.341218 -6.00742 -0.985559 -0.025012 -0.167473 -10.9986 
48 -0.159355 -0.349529 0.923274 -6.40361 -0.0794524 0.936732 0.34091 -5.94968 -0.984019 -0.0190307 -0.177044 -12.3341 
50 -0.159769 -0.34699 0.92416 -6.40458 -0.0768863 0.937716 0.338788 -5.88713 -0.984156 -0.0169274 -0.176497 -13.6912 
52 -0.156414 -0.351266 0.923118 -6.34626 -0.0738184 0.936165 0.343723 -5.8623 -0.984929 -0.0143799 -0.172359 -15.2875 
54 -0.153211 -0.352528 0.923174 -6.27568 -0.0773924 0.935615 0.344435 -5.90139 -0.985158 -0.0186753 -0.17063 -16.7949 
56 -0.149341 -0.353561 0.923413 -6.19902 -0.071075 0.935309 0.346621 -5.78532 -0.986228 -0.0138669 -0.164809 -18.5866 
57 -0.148076 -0.353287 0.923722 -6.17238 -0.0691155 0.935431 0.346686 -5.72709 -0.986558 -0.0125077 -0.162932 -19.3565 
58 -0.146087 -0.355352 0.923246 -6.12456 -0.0698183 0.934635 0.348688 -5.7404 -0.986805 -0.0135208 -0.161348 -20.238 
59 -0.143924 -0.357506 0.922754 -6.06335 -0.0725177 0.933766 0.350461 -5.79902 -0.986928 -0.0164761 -0.160317 -21.1424 
60 -0.142392 -0.358124 0.922752 -6.02026 -0.0732345 0.933508 0.350998 -5.80914 -0.987097 -0.0175979 -0.159151 -22.0342 
61 -0.14085 -0.35556 0.92398 -6.00095 -0.0706505 0.934514 0.348844 -5.73692 -0.987507 -0.0161451 -0.156747 -22.9185 
62 -0.139986 -0.353495 0.924903 -5.98285 -0.0687612 0.935316 0.347068 -5.67647 -0.987763 -0.0150128 -0.155238 -23.7105 
64 -0.138406 -0.352642 0.925466 -5.95052 -0.0709191 0.93559 0.345894 -5.70974 -0.987833 -0.0177595 -0.1545 -25.6042 
65 -0.137963 -0.35126 0.926057 -5.95222 -0.0778897 0.935951 0.343409 -5.87956 -0.98737 -0.0247526 -0.156486 -26.3893 
66 -0.138507 -0.348501 0.927018 -5.97154 -0.0821695 0.936857 0.339922 -5.97976 -0.986947 -0.0290911 -0.158397 -27.2148 
67 -0.139176 -0.347624 0.927247 -5.99009 -0.0815414 0.937203 0.339118 -5.94657 -0.986905 -0.0284119 -0.158782 -28.108 
68 -0.138827 -0.348076 0.92713 -5.961 -0.0741197 0.937222 0.340766 -5.71987 -0.987539 -0.021411 -0.155911 -29.0348 
69 -0.13927 -0.349456 0.926544 -5.95237 -0.067024 0.936844 0.343266 -5.49675 -0.987984 -0.0142942 -0.153896 -29.9632 
70 -0.139412 -0.351509 0.925746 -5.94024 -0.0619072 0.936141 0.346133 -5.32245 -0.988297 -0.00905543 -0.15227 -30.8919 
71 -0.139736 -0.353094 0.925094 -5.9371 -0.0620077 0.935547 0.347718 -5.30351 -0.988245 -0.00877425 -0.152624 -31.7885 
72 -0.139661 -0.353318 0.92502 -5.93147 -0.0654318 0.935426 0.347414 -5.39687 -0.988035 -0.0120055 -0.153761 -32.6625 
73 -0.140113 -0.353231 0.924985 -5.94631 -0.0680644 0.935426 0.346908 -5.47292 -0.987793 -0.0143524 -0.155107 -33.547 
74 -0.139746 -0.354886 0.924406 -5.91589 -0.0668943 0.934818 0.348771 -5.42182 -0.987925 -0.0130984 -0.154376 -34.4371 
75 -0.13959 -0.355921 0.924032 -5.89913 -0.0646038 0.934453 0.350176 -5.32288 -0.9881 -0.0108148 -0.153434 -35.3452 
76 -0.139188 -0.357086 0.923643 -5.87021 -0.0661881 0.933991 0.351112 -5.36054 -0.988052 -0.0122636 -0.153635 -36.2142 
77 -0.138785 -0.357864 0.923402 -5.85577 -0.071544 0.933613 0.351068 -5.54167 -0.987735 -0.0173409 -0.155175 -37.0495 
78 -0.138657 -0.358911 0.923015 -5.84057 -0.0758781 0.933129 0.351445 -5.69584 -0.987429 -0.0213062 -0.156618 -37.9125 
79 -0.138471 -0.357834 0.923461 -5.82493 -0.0751301 0.933552 0.350479 -5.6629 -0.987513 -0.0208485 -0.156154 -38.6068 
81 -0.137171 -0.356946 0.923998 -5.77325 -0.0674419 0.934017 0.350805 -5.31725 -0.988249 -0.0141958 -0.152194 -40.5934 
82 -0.136821 -0.355753 0.92451 -5.76317 -0.0617833 0.934535 0.350467 -5.07212 -0.988667 -0.00916803 -0.149844 -41.4469 
84 -0.136647 -0.355886 0.924485 -5.74895 -0.0587757 0.934508 0.351056 -4.90236 -0.988875 -0.00636647 -0.148615 -43.1871 
86 -0.135946 -0.356877 0.924206 -5.7029 -0.0676086 0.934034 0.350727 -5.26321 -0.988407 -0.0148045 -0.151106 -44.8446 
87 -0.135432 -0.360515 0.922869 -5.65273 -0.0703145 0.9326 0.353997 -5.36959 -0.988288 -0.0169487 -0.151653 -45.6375 
89 -0.136409 -0.36154 0.922324 -5.67506 -0.0739406 0.932145 0.354454 -5.50747 -0.987889 -0.0198466 -0.153885 -47.277 
91 -0.139072 -0.35412 0.924802 -5.81788 -0.0786154 0.934878 0.346155 -5.71858 -0.987157 -0.0245632 -0.157854 -48.8961 
93 -0.143314 -0.351122 0.925297 -6.03469 -0.0685653 0.936224 0.344649 -5.18856 -0.987299 -0.0140501 -0.158249 -50.6916 
95 -0.146467 -0.350193 0.925155 -6.18672 -0.0658353 0.936618 0.34411 -5.00621 -0.987022 -0.0105072 -0.160239 -52.2966 
96 -0.147252 -0.353394 0.923813 -6.21759 -0.0698155 0.935378 0.34669 -5.1944 -0.986632 -0.0134457 -0.162408 -53.0942 
97 -0.147894 -0.357489 0.922133 -6.23002 -0.073686 0.933778 0.350185 -5.38262 -0.986254 -0.0161578 -0.164442 -53.8857 
98 -0.14888 -0.361558 0.920386 -6.26807 -0.0753993 0.9322 0.354002 -5.45378 -0.985976 -0.0166925 -0.166048 -54.6866 
99 -0.149672 -0.363209 0.919607 -6.29576 -0.0744268 0.931584 0.355826 -5.37954 -0.985931 -0.0151864 -0.166464 -55.5073 
100 -0.150711 -0.363063 0.919495 -6.34411 -0.0729421 0.931668 0.355914 -5.27837 -0.985883 -0.01343 -0.166895 -56.35 
101 -0.151311 -0.364857 0.918686 -6.36716 -0.0735937 0.930966 0.357613 -5.29318 -0.985743 -0.0134986 -0.167717 -57.1893 
102 -0.151805 -0.365715 0.918263 -6.38334 -0.0738476 0.93063 0.358432 -5.29115 -0.985648 -0.0133997 -0.168282 -58.01 
103 -0.152344 -0.364459 0.918674 -6.40656 -0.0720934 0.931145 0.357451 -5.17544 -0.985695 -0.0117746 -0.16813 -58.8253 
105 -0.152752 -0.363963 0.918802 -6.42746 -0.0649886 0.9314 0.358149 -4.70994 -0.986125 -0.00500379 -0.165927 -60.4685 
107 -0.154168 -0.363514 0.918743 -6.50584 -0.0628164 0.931585 0.358055 -4.5375 -0.986046 -0.00251152 -0.166456 -62.0634 
108 -0.154614 -0.362354 0.919127 -6.53265 -0.0643424 0.932032 0.356618 -4.64167 -0.985878 -0.00400074 -0.16742 -62.9068 
110 -0.154416 -0.362798 0.918985 -6.50294 -0.0709622 0.931812 0.355938 -5.01963 -0.985454 -0.0102509 -0.169631 -64.3056 
112 -0.15034 -0.365453 0.918609 -6.21843 -0.074127 0.930721 0.35814 -5.19151 -0.985851 -0.0142511 -0.167014 -65.747 
114 -0.141002 -0.364285 0.920551 -5.59431 -0.0712793 0.931163 0.357567 -4.98955 -0.98744 -0.0151985 -0.157262 -67.2866 
116 -0.124885 -0.364171 0.922921 -4.49043 -0.0685443 0.931148 0.358142 -4.75506 -0.989801 -0.0185343 -0.141248 -68.6133 
118 -0.0982763 -0.367794 0.9247 -2.64104 -0.0655414 0.929573 0.362766 -4.49866 -0.992999 -0.0249549 -0.115461 -69.9802 
120 -0.0577553 -0.367591 0.928192 0.214426 -0.0634446 0.929217 0.364049 -4.31905 -0.996313 -0.037863 -0.0769888 -71.2149 
122 -0.00376555 -0.360797 0.932637 4.04779 -0.0630927 0.930871 0.359859 -4.28947 -0.998001 -0.0574875 -0.0262689 -72.1877 
124 0.0674988 -0.351508 0.933748 9.16979 -0.0624251 0.932561 0.355574 -4.23869 -0.995765 -0.0822901 0.0410038 -72.7155 
126 0.152376 -0.339588 0.928149 15.3224 -0.0613888 0.93405 0.351826 -4.15039 -0.986414 -0.110588 0.12148 -72.5656 
128 0.250983 -0.312932 0.916014 22.5207 -0.0666593 0.93847 0.338867 -4.57491 -0.965694 -0.146111 0.21468 -71.5969 
130 0.355485 -0.281957 0.89114 30.1984 -0.0762802 0.941483 0.328315 -5.3277 -0.931564 -0.184688 0.313176 -69.516 
132 0.456324 -0.256486 0.852046 37.666 -0.0771014 0.942557 0.325024 -5.38965 -0.886467 -0.21401 0.410337 -66.6654 
134 0.547589 -0.213404 0.809077 44.338 -0.0870996 0.94714 0.30877 -6.18224 -0.832202 -0.239549 0.500056 -63.0295 
136 0.633197 -0.184499 0.751679 50.8693 -0.0961547 0.944899 0.312923 -6.85632 -0.767995 -0.270419 0.580566 -58.8593 
137 0.676503 -0.171191 0.716266 54.1522 -0.103245 0.940954 0.322406 -7.39043 -0.729167 -0.29206 0.618884 -56.2015 
138 0.718737 -0.157441 0.677222 57.3696 -0.106645 0.937535 0.331142 -7.64461 -0.687055 -0.310226 0.65705 -53.313 
139 0.757792 -0.140881 0.637106 60.2327 -0.108141 0.935793 0.335555 -7.74569 -0.643472 -0.323179 0.693901 -50.2194 
140 0.795181 -0.120724 0.594233 63.2349 -0.109382 0.935347 0.336395 -7.85331 -0.596425 -0.332493 0.730565 -47.093 
141 0.828778 -0.103958 0.549836 65.8346 -0.108857 0.933868 0.340649 -7.80884 -0.548887 -0.342176 0.762652 -43.8723 
143 0.882223 -0.0746603 0.464874 70.0703 -0.101507 0.933968 0.342636 -7.20381 -0.459759 -0.349469 0.81639 -37.9453 
145 0.918378 -0.0545847 0.391921 73.031 -0.0925483 0.933341 0.346857 -6.48335 -0.384729 -0.354818 0.852108 -33.2295 
147 0.938776 -0.0336249 0.342883 74.6745 -0.0922194 0.934387 0.344118 -6.42419 -0.331956 -0.35467 0.874079 -30.4368 
149 0.951667 -0.0207308 0.306431 75.9538 -0.0888089 0.936525 0.339167 -6.11493 -0.294012 -0.349988 0.889419 -28.7502 
151 0.960589 -0.0174215 0.277426 76.807 -0.0810149 0.937159 0.339365 -5.45776 -0.265905 -0.348466 0.898814 -27.9946 
153 0.967401 -0.00728498 0.253143 77.4654 -0.0817325 0.937116 0.339314 -5.48756 -0.239696 -0.348943 0.905972 -27.4354 
155 0.973686 0.00011119 0.227894 78.2592 -0.079371 0.937556 0.338658 -5.27894 -0.213626 -0.347835 0.912894 -26.9121 
156 0.976776 0.00483334 0.214209 78.6447 -0.0795716 0.93643 0.341712 -5.31303 -0.19894 -0.350821 0.915067 -26.5323 
157 0.97877 0.00709368 0.20484 78.909 -0.0792722 0.934728 0.34641 -5.33063 -0.189012 -0.355294 0.915446 -26.517 
158 0.980731 0.0120155 0.194995 79.1655 -0.081294 0.93269 0.351398 -5.5493 -0.177647 -0.360479 0.915694 -26.3644 
160 0.983386 0.0162579 0.180798 79.5884 -0.079131 0.934763 0.346348 -5.28825 -0.163372 -0.354901 0.920519 -26.9499 
161 0.984397 0.0145834 0.175357 79.7141 -0.0742315 0.93796 0.338706 -4.74718 -0.159539 -0.346438 0.924407 -27.5463 
163 0.985558 0.0177094 0.168408 79.9317 -0.0742682 0.938967 0.335894 -4.66929 -0.152181 -0.34355 0.926722 -28.48 
165 0.986333 0.0221024 0.163276 80.0983 -0.0764402 0.939247 0.334622 -4.79775 -0.145961 -0.342529 0.9281 -29.6925 
167 0.986815 0.0277672 0.159451 80.241 -0.0797473 0.940702 0.329727 -4.94137 -0.14084 -0.338096 0.930514 -30.9594 
168 0.987156 0.0295945 0.156994 80.3307 -0.0810913 0.939509 0.332786 -5.09986 -0.137649 -0.341243 0.929842 -31.5291 
169 0.987547 0.0266878 0.155043 80.3752 -0.0786494 0.937267 0.339625 -5.02517 -0.136253 -0.34759 0.927694 -32.2633 
170 0.987837 0.0264908 0.153217 80.4361 -0.0788597 0.934602 0.346842 -5.19571 -0.134009 -0.354707 0.925324 -32.9036 
171 0.988102 0.0261442 0.151562 80.4924 -0.078502 0.933145 0.350824 -5.25332 -0.132258 -0.358548 0.924095 -33.5854 
172 0.988519 0.0255233 0.148928 80.5824 -0.0767708 0.933771 0.34954 -5.06525 -0.130143 -0.356961 0.925009 -34.232 
173 0.989035 0.0233629 0.145821 80.6786 -0.073144 0.935285 0.346254 -4.65734 -0.128294 -0.353123 0.926739 -34.891 
174 0.989502 0.0212622 0.142943 80.7691 -0.0695092 0.937213 0.341761 -4.21206 -0.126702 -0.348109 0.928852 -35.5339 
175 0.989714 0.0244538 0.140956 80.8694 -0.0715284 0.937874 0.339524 -4.31245 -0.123896 -0.346114 0.929976 -36.0707 
176 0.989661 0.0269466 0.140873 80.9238 -0.0739078 0.937561 0.339878 -4.51384 -0.122919 -0.346775 0.929859 -36.6354 
178 0.989747 0.0300059 0.139645 80.9708 -0.0764996 0.936996 0.340862 -4.73715 -0.120619 -0.34805 0.929684 -38.0571 
179 0.989695 0.0320806 0.139551 80.9964 -0.0785439 0.936505 0.341744 -4.9279 -0.119727 -0.349184 0.929374 -38.8143 
180 0.989746 0.0330656 0.138957 81.0574 -0.0792482 0.936493 0.341615 -4.97315 -0.118837 -0.349124 0.929511 -39.3701 
182 0.990063 0.0303635 0.137306 81.0808 -0.0761554 0.936605 0.342011 -4.69432 -0.118217 -0.349069 0.929611 -41.0982 
183 0.989835 0.0305897 0.13889 81.0248 -0.0769538 0.936479 0.342178 -4.75547 -0.1196 -0.349387 0.929314 -42.0506 
184 0.989381 0.0317779 0.141828 80.9142 -0.0790189 0.9366 0.341376 -4.89279 -0.121988 -0.348958 0.929165 -43.1046 
185 0.989146 0.0290854 0.144028 80.807 -0.0773202 0.936556 0.341883 -4.75027 -0.124947 -0.349309 0.92864 -44.2219 
186 0.98905 0.0247194 0.145498 80.7196 -0.0738293 0.936517 0.34276 -4.46217 -0.127788 -0.349748 0.928087 -45.3659 
187 0.98878 0.0234844 0.147522 80.63 -0.0740301 0.934797 0.347381 -4.64003 -0.129745 -0.354405 0.926047 -46.3712 
188 0.988506 0.0218569 0.149592 80.5286 -0.0736832 0.933667 0.350481 -4.72084 -0.132009 -0.357475 0.924546 -47.3218 
189 0.988284 0.0216261 0.151084 80.4694 -0.0742162 0.933088 0.351908 -4.81857 -0.133364 -0.358998 0.923761 -48.0353 
191 0.987497 0.0216361 0.156146 80.2356 -0.0757619 0.933776 0.349747 -4.8361 -0.138238 -0.357204 0.92374 -50.3311 
192 0.987246 0.0212202 0.157782 80.1426 -0.0757149 0.934402 0.348081 -4.75929 -0.140045 -0.355588 0.924091 -51.1379 
193 0.987038 0.0220937 0.158958 80.1152 -0.0763936 0.935747 0.3443 -4.64056 -0.141138 -0.35198 0.925305 -52.2457 
194 0.986866 0.0221012 0.160023 80.0662 -0.0760966 0.937406 0.339822 -4.40557 -0.142496 -0.347536 0.926776 -53.2053 
195 0.98702 0.0226182 0.158998 80.1332 -0.0759249 0.938125 0.337871 -4.2885 -0.141518 -0.345557 0.927665 -53.9974 
196 0.987496 0.02044 0.156316 80.2532 -0.0729462 0.938266 0.338135 -4.02351 -0.139755 -0.345309 0.928025 -54.7244 
197 0.987695 0.0206129 0.155025 80.3285 -0.0728244 0.937864 0.339276 -4.05176 -0.138399 -0.346391 0.927825 -55.5007 
198 0.98776 0.0233583 0.15422 80.4167 -0.0754131 0.937 0.341092 -4.35425 -0.136537 -0.348548 0.927293 -56.237 
199 0.987762 0.0273846 0.153549 80.5065 -0.079165 0.936256 0.342283 -4.73166 -0.134388 -0.35025 0.926966 -56.8637 
200 0.987853 0.0293636 0.152594 80.5952 -0.0806551 0.93624 0.341979 -4.83932 -0.132823 -0.350132 0.927235 -57.7289 
201 0.987807 0.0320268 0.152353 80.6533 -0.0826999 0.937067 0.339214 -4.86872 -0.131901 -0.347677 0.92829 -58.5493 
202 0.987662 0.0347019 0.15271 80.6718 -0.0849591 0.937897 0.336349 -4.91019 -0.131555 -0.345173 0.929273 -59.428 
203 0.987815 0.0355655 0.151516 80.7373 -0.085388 0.937781 0.336564 -4.93133 -0.130119 -0.3454 0.929391 -60.133 
204 0.988052 0.0344488 0.15022 80.825 -0.0842465 0.93691 0.339267 -4.96048 -0.129055 -0.347869 0.928618 -61.0726 
205 0.988413 0.0319742 0.148383 80.9031 -0.0820414 0.935004 0.345018 -5.05599 -0.127707 -0.353193 0.926793 -61.8401 
206 0.988712 0.0303758 0.146715 80.9833 -0.0806538 0.933148 0.350327 -5.2085 -0.126265 -0.358206 0.925065 -62.5926 
207 0.989189 0.0260938 0.144308 81.065 -0.0765466 0.931223 0.356322 -5.15815 -0.125085 -0.363516 0.923152 -63.3613 
208 0.989322 0.0264387 0.143326 81.1361 -0.0766057 0.930938 0.357053 -5.19128 -0.123988 -0.36422 0.923023 -64.1434 
209 0.989055 0.0298263 0.1445 81.1244 -0.07944 0.932935 0.351172 -5.09827 -0.124335 -0.358808 0.925093 -65.0491 
210 0.988864 0.0306182 0.145638 81.0701 -0.079427 0.93616 0.342486 -4.56817 -0.125854 -0.350239 0.928167 -66.0348 
211 0.98854 0.0318966 0.147548 80.9762 -0.0803101 0.938744 0.335126 -4.18893 -0.12782 -0.343135 0.930548 -67.0672 
212 0.98812 0.0326948 0.150169 80.8202 -0.08225 0.937902 0.337008 -4.46022 -0.129826 -0.345356 0.929448 -68.0955 
213 0.987403 0.0365493 0.153945 80.6406 -0.0876046 0.936498 0.339554 -5.08681 -0.131759 -0.348763 0.927903 -69.1146 
214 0.987038 0.0365384 0.15627 80.4444 -0.0886697 0.935778 0.341259 -5.24317 -0.133765 -0.350692 0.926888 -70.0734 
215 0.986837 0.033674 0.158175 80.3108 -0.0869167 0.935247 0.343159 -5.21239 -0.136377 -0.35239 0.925863 -71.2096 
216 0.986563 0.0304537 0.160518 80.092 -0.0852233 0.934147 0.346565 -5.25719 -0.139393 -0.355588 0.92419 -72.3152 
217 0.986063 0.0283671 0.163934 79.8137 -0.0850139 0.932911 0.349927 -5.44314 -0.14301 -0.358987 0.922321 -73.4404 
218 0.985801 0.0252189 0.166012 79.6069 -0.0834311 0.93155 0.353913 -5.54267 -0.145723 -0.362738 0.920427 -74.4855 
219 0.985711 0.0195423 0.16731 79.4038 -0.0786729 0.931671 0.354681 -5.1404 -0.148947 -0.362776 0.919896 -75.5611 
220 0.985486 0.0152415 0.169074 79.1692 -0.0751615 0.932197 0.354062 -4.74413 -0.152213 -0.361631 0.919812 -76.6431 
221 0.984923 0.0115026 0.17261 78.8441 -0.0720346 0.934438 0.348763 -4.0948 -0.157282 -0.355939 0.921179 -77.8608 
222 0.98429 0.00997739 0.176276 78.5402 -0.0710394 0.9364 0.343669 -3.63068 -0.161636 -0.350792 0.922398 -79.0239 
223 0.983424 0.00915685 0.18109 78.1541 -0.0713898 0.937611 0.340278 -3.40823 -0.166676 -0.347565 0.922723 -80.2322 
224 0.982265 0.0076641 0.187339 77.6362 -0.0720435 0.937889 0.339373 -3.38725 -0.173102 -0.346851 0.921808 -81.5504 
225 0.981026 0.00804204 0.193709 77.1417 -0.073978 0.93907 0.335669 -3.28424 -0.179207 -0.343631 0.921847 -82.8315 
226 0.979903 0.00539953 0.199404 76.622 -0.0735891 0.93891 0.336205 -3.26756 -0.185407 -0.344122 0.920437 -84.1189 
227 0.979109 -0.00119076 0.203334 76.098 -0.0691229 0.938481 0.338341 -2.96403 -0.191228 -0.345328 0.918793 -85.353 
228 0.978185 -0.00583576 0.207651 75.6743 -0.0670705 0.937198 0.342288 -3.07572 -0.196608 -0.348749 0.916362 -86.576 
229 0.976892 -0.00703132 0.21362 75.1431 -0.068619 0.936233 0.344614 -3.37957 -0.202421 -0.351309 0.914116 -87.8157 
231 0.974969 -0.013098 0.221955 74.2739 -0.0652487 0.937455 0.341936 -2.83262 -0.212551 -0.347859 0.913135 -90.1698 
232 0.973605 -0.0152139 0.227733 73.7102 -0.064455 0.938836 0.338278 -2.45882 -0.21895 -0.344028 0.913075 -91.4344 
233 0.972098 -0.0163112 0.234008 73.1186 -0.0651378 0.939577 0.336083 -2.32777 -0.22535 -0.341948 0.912299 -92.6893 
234 0.970404 -0.0170718 0.240882 72.4786 -0.06774 0.938205 0.339387 -2.81774 -0.23179 -0.34566 0.909281 -93.9498 
235 0.968421 -0.0193651 0.248566 71.7067 -0.0700913 0.935624 0.34597 -3.55488 -0.239264 -0.352467 0.904721 -95.2818 
236 0.966007 -0.0206612 0.25769 70.8145 -0.0726405 0.934947 0.347272 -3.88984 -0.248101 -0.354186 0.901664 -96.6923 
237 0.963248 -0.023732 0.267563 69.7838 -0.0726624 0.935931 0.344605 -3.6596 -0.258599 -0.351382 0.89981 -98.2208 
238 0.960061 -0.0262627 0.278555 68.6396 -0.0726694 0.938012 0.338899 -3.18032 -0.270188 -0.345606 0.898641 -99.8185 
239 0.956818 -0.0306131 0.28907 67.4642 -0.0702403 0.940622 0.332108 -2.36665 -0.282073 -0.338072 0.897854 -101.433 
240 0.953508 -0.0344664 0.299389 66.3013 -0.0692862 0.941756 0.329083 -2.00075 -0.293294 -0.334527 0.895584 -102.979 
241 0.950218 -0.0425295 0.308668 65.0249 -0.0668094 0.939791 0.335157 -2.22982 -0.304338 -0.339094 0.890165 -104.459 
243 0.94258 -0.0519822 0.32991 62.531 -0.0703046 0.934796 0.348157 -3.67963 -0.326497 -0.35136 0.877466 -107.535 
244 0.938321 -0.053753 0.341561 61.2117 -0.0713471 0.936483 0.34338 -3.35984 -0.338324 -0.34657 0.874886 -109.073 
245 0.934242 -0.0573102 0.352006 59.9363 -0.0693523 0.938969 0.336938 -2.58438 -0.349833 -0.339194 0.873249 -110.572 
246 0.929621 -0.05994 0.36361 58.5352 -0.0692141 0.940726 0.332031 -2.12075 -0.361959 -0.33383 0.870369 -112.087 
247 0.924565 -0.0626854 0.375833 56.9821 -0.0718122 0.940029 0.333449 -2.46838 -0.374196 -0.335285 0.864616 -113.615 
248 0.919989 -0.0666393 0.386237 55.6651 -0.0735812 0.938554 0.337199 -2.97972 -0.384974 -0.338639 0.858556 -115.047 
249 0.916291 -0.0679686 0.394703 54.615 -0.0780654 0.936285 0.342456 -3.88086 -0.392831 -0.344602 0.852604 -116.289 
250 0.9129 -0.0689726 0.402314 53.6613 -0.0822036 0.934361 0.346717 -4.6703 -0.39982 -0.349589 0.847308 -117.466 
251 0.909786 -0.0724122 0.408713 52.7461 -0.0823815 0.933576 0.348782 -4.87051 -0.406821 -0.350987 0.843389 -118.646 
252 0.906902 -0.0804278 0.413594 51.8234 -0.0773949 0.933111 0.35116 -4.58063 -0.414172 -0.350478 0.840016 -119.839 
253 0.903433 -0.0826307 0.420691 50.8468 -0.0771364 0.933911 0.349086 -4.34678 -0.421733 -0.347826 0.837352 -121.047 
254 0.899583 -0.0838623 0.428623 49.7853 -0.076139 0.936252 0.342981 -3.66229 -0.430062 -0.341175 0.835851 -122.287 
255 0.896169 -0.0850163 0.435492 48.8499 -0.0740755 0.939033 0.335752 -2.75635 -0.437485 -0.33315 0.835235 -123.47 
256 0.89378 -0.0945065 0.438436 48.0607 -0.0641377 0.940569 0.333492 -1.51448 -0.443896 -0.326189 0.8346 -124.598 
257 0.891681 -0.104664 0.440397 47.3202 -0.0577718 0.938633 0.340045 -1.46417 -0.448962 -0.328654 0.830915 -125.647 
258 0.888845 -0.106341 0.445697 46.58 -0.0616831 0.936073 0.346356 -2.48002 -0.454037 -0.335349 0.825465 -126.692 
259 0.886208 -0.103265 0.451631 45.9235 -0.0697198 0.934014 0.350367 -3.68326 -0.458011 -0.341986 0.820531 -127.679 
260 0.884571 -0.105659 0.45428 45.4561 -0.0689503 0.933676 0.351419 -3.69997 -0.461281 -0.342178 0.818618 -128.679 
261 0.882677 -0.111137 0.45665 44.8819 -0.0629295 0.93494 0.349181 -2.8456 -0.465747 -0.336951 0.818257 -129.725 
262 0.879917 -0.113783 0.461302 44.1127 -0.0603636 0.936262 0.346076 -2.25256 -0.471277 -0.332364 0.816965 -130.788 
263 0.877086 -0.112748 0.466913 43.3759 -0.0641257 0.935875 0.346449 -2.65856 -0.476034 -0.333806 0.813612 -131.808 
264 0.874684 -0.115588 0.470709 42.7034 -0.0661657 0.933582 0.352203 -3.44196 -0.480156 -0.339211 0.808941 -132.786 
265 0.872134 -0.117702 0.474899 42.0018 -0.069173 0.93122 0.357832 -4.32713 -0.484353 -0.344928 0.804007 -133.764 
266 0.869605 -0.120978 0.478698 41.291 -0.0685464 0.93055 0.359693 -4.44499 -0.488967 -0.345604 0.800918 -134.767 
267 0.867594 -0.123414 0.481715 40.7357 -0.0655968 0.931845 0.356879 -3.82618 -0.492928 -0.341225 0.800367 -135.752 
268 0.865348 -0.125788 0.48513 40.1151 -0.063762 0.932492 0.355518 -3.47243 -0.4971 -0.33858 0.798909 -136.731 
269 0.862642 -0.128399 0.489247 39.3421 -0.0629553 0.932469 0.355722 -3.37876 -0.501882 -0.337661 0.796303 -137.733 
270 0.860234 -0.128285 0.493499 38.7413 -0.0648047 0.93248 0.355362 -3.53485 -0.505765 -0.337675 0.793837 -138.687 
271 0.857884 -0.128259 0.49758 38.128 -0.066639 0.932399 0.355234 -3.70243 -0.509505 -0.337907 0.791343 -139.632 
272 0.855248 -0.129334 0.50182 37.4116 -0.0671051 0.932563 0.354715 -3.67045 -0.513855 -0.337044 0.788894 -140.593 
273 0.852977 -0.132063 0.504965 36.7919 -0.0656371 0.932641 0.354785 -3.51495 -0.517805 -0.335768 0.786853 -141.539 
274 0.850524 -0.134085 0.508557 36.125 -0.0652829 0.932562 0.355058 -3.48814 -0.521869 -0.335185 0.784413 -142.479 
275 0.847895 -0.134711 0.512764 35.4306 -0.0684802 0.931249 0.35789 -4.1311 -0.525723 -0.338567 0.780377 -143.391 
276 0.845277 -0.135075 0.516974 34.7425 -0.0720003 0.929903 0.36069 -4.80922 -0.529455 -0.342105 0.7763 -144.28 
277 0.843014 -0.136066 0.520397 34.143 -0.0738522 0.929035 0.362547 -5.20918 -0.532797 -0.344065 0.773141 -145.153 
278 0.840951 -0.137337 0.523393 33.5911 -0.0719866 0.930263 0.359762 -4.68214 -0.536302 -0.340219 0.772419 -146.047 
279 0.838949 -0.138613 0.526262 32.9899 -0.067337 0.933148 0.353129 -3.40748 -0.540029 -0.331694 0.77353 -146.992 
280 0.836896 -0.136664 0.530027 32.5491 -0.0650504 0.936634 0.344218 -2.12663 -0.543483 -0.322553 0.774975 -147.856 
281 0.835139 -0.134854 0.533252 32.1185 -0.0650836 0.938441 0.339252 -1.54613 -0.546175 -0.318028 0.774952 -148.697 
283 0.830959 -0.13407 0.539937 31.0391 -0.0701782 0.937515 0.340795 -2.25801 -0.55189 -0.321079 0.769627 -150.273 
285 0.827453 -0.134569 0.545173 30.073 -0.0737792 0.936391 0.343117 -2.90839 -0.556667 -0.324135 0.764891 -151.815 
287 0.824539 -0.134308 0.549634 29.3713 -0.0750488 0.936874 0.341519 -2.83278 -0.560806 -0.322845 0.762409 -153.174 
289 0.821601 -0.132775 0.554384 28.6339 -0.0766087 0.937959 0.338177 -2.58786 -0.564891 -0.320317 0.760457 -154.488 
291 0.818921 -0.132324 0.558443 27.915 -0.0786439 0.938003 0.337587 -2.72973 -0.568492 -0.320375 0.757744 -155.719 
293 0.816184 -0.135252 0.561738 27.1855 -0.0817265 0.935417 0.34397 -3.81686 -0.571982 -0.326652 0.752419 -156.764 
295 0.810306 -0.13061 0.571266 25.7348 -0.0893682 0.9359 0.34074 -4.30326 -0.579153 -0.327157 0.746693 -157.891 
297 0.803336 -0.138034 0.579308 23.7947 -0.0845877 0.936456 0.340433 -3.68995 -0.589488 -0.322484 0.740613 -159.029 
300 0.791429 -0.149881 0.592601 20.5444 -0.070773 0.940484 0.332386 -1.05991 -0.60715 -0.305 0.733719 -160.606 
303 0.768673 -0.151291 0.621492 14.8193 -0.0765364 0.942891 0.32419 -0.707637 -0.635046 -0.296763 0.713195 -162.129 
306 0.731019 -0.170987 0.660587 5.47882 -0.0753237 0.941958 0.327172 -0.901482 -0.678187 -0.288927 0.67571 -163.463 
309 0.684323 -0.195735 0.702417 -5.4558 -0.0812191 0.936844 0.340187 -3.19439 -0.724642 -0.289848 0.625206 -164.068 
312 0.631311 -0.222962 0.742789 -17.1111 -0.0769543 0.935045 0.346076 -3.41306 -0.771703 -0.275642 0.573146 -163.888 
315 0.562991 -0.24703 0.788681 -31.0393 -0.0709893 0.936303 0.343944 -2.42799 -0.823409 -0.249625 0.509594 -162.472 
317 0.512165 -0.266674 0.816439 -40.8704 -0.064431 0.93597 0.346135 -1.90984 -0.856467 -0.229882 0.462189 -160.678 
319 0.460087 -0.287924 0.839893 -50.3667 -0.0564845 0.934552 0.351316 -1.59719 -0.886075 -0.209077 0.413711 -158.387 
321 0.401723 -0.303056 0.864162 -60.4906 -0.0534253 0.934291 0.352485 -1.35733 -0.914202 -0.187769 0.359135 -155.211 
323 0.333831 -0.317234 0.887648 -71.63 -0.0606049 0.932498 0.356055 -2.66064 -0.940683 -0.172658 0.292071 -150.824 
325 0.25241 -0.330823 0.90931 -84.6242 -0.0641335 0.931953 0.356863 -3.17303 -0.965493 -0.148393 0.214018 -144.305 
327 0.160598 -0.34425 0.925041 -97.3316 -0.0674787 0.931184 0.358251 -3.77028 -0.984711 -0.119955 0.126317 -136.752 
329 0.060668 -0.354212 0.933195 -110.543 -0.069848 0.931119 0.357964 -4.02151 -0.995711 -0.0868988 0.0317482 -126.941 
331 -0.0445148 -0.358599 0.93243 -123.238 -0.066417 0.932352 0.355398 -3.26849 -0.996798 -0.0461087 -0.0653205 -115.395 
333 -0.150742 -0.356004 0.922246 -134.794 -0.0624702 0.934472 0.350513 -2.15215 -0.986597 -0.00477574 -0.163104 -102.415 
335 -0.255139 -0.351347 0.90081 -145.222 -0.0588299 0.935559 0.348237 -1.38231 -0.965113 0.0358544 -0.259367 -87.5239 
337 -0.352263 -0.340037 0.871943 -153.111 -0.0547919 0.937557 0.343489 -0.285197 -0.934296 0.0732232 -0.348898 -74.1149 
338 -0.398608 -0.332194 0.854844 -156.73 -0.0531077 0.938892 0.340091 0.359994 -0.915582 0.0901641 -0.391892 -66.2822 
340 -0.482636 -0.317127 0.81639 -162.117 -0.0493773 0.940513 0.336151 1.33139 -0.874428 0.121927 -0.469584 -53.0294 
341 -0.519996 -0.310083 0.795898 -164.234 -0.0481151 0.940934 0.335153 1.62151 -0.852813 0.135984 -0.504201 -46.4128 
342 -0.553139 -0.30454 0.775431 -166.041 -0.0476991 0.94084 0.335477 1.65279 -0.831722 0.148578 -0.534942 -39.4917 
344 -0.602022 -0.298298 0.740668 -168.031 -0.0495379 0.939763 0.338217 1.0832 -0.796942 0.166923 -0.580535 -31.4083 
346 -0.632131 -0.295049 0.716489 -169.106 -0.0522941 0.938804 0.34046 0.461201 -0.773095 0.177747 -0.608876 -26.1032 
348 -0.652462 -0.288588 0.700721 -169.73 -0.0494434 0.938893 0.340639 0.828781 -0.756206 0.187608 -0.626861 -23.208 
349 -0.659734 -0.285748 0.695054 -169.94 -0.0488625 0.939243 0.339758 1.01792 -0.749909 0.190188 -0.633613 -22.1443 
351 -0.671485 -0.283161 0.684783 -170.228 -0.0480265 0.938798 0.341104 0.984123 -0.73946 0.196158 -0.643988 -21.4899 
353 -0.678128 -0.280675 0.679238 -170.429 -0.0469975 0.938873 0.341041 1.14873 -0.73344 0.199347 -0.649867 -21.0883 
355 -0.681965 -0.277951 0.67651 -170.531 -0.0448235 0.939117 0.340661 1.5036 -0.73001 0.201995 -0.652904 -22.0398 
357 -0.683353 -0.2772 0.675417 -170.534 -0.0457626 0.939562 0.339307 1.56052 -0.728652 0.200958 -0.654738 -24.1402 
359 -0.684401 -0.275927 0.674878 -170.584 -0.0450299 0.939853 0.338598 1.75434 -0.727714 0.201347 -0.655661 -25.3207 
360 -0.684509 -0.277208 0.674243 -170.579 -0.0440782 0.938927 0.341281 1.59109 -0.727671 0.203891 -0.654923 -26.2382 
361 -0.685181 -0.277422 0.673471 -170.595 -0.0428054 0.938364 0.342989 1.58798 -0.727114 0.206181 -0.654824 -27.0245 
362 -0.68612 -0.276376 0.672945 -170.621 -0.0423548 0.938633 0.342308 1.74241 -0.726254 0.206362 -0.655721 -27.802 
363 -0.686917 -0.276143 0.672228 -170.644 -0.0435953 0.938988 0.341176 1.70834 -0.725427 0.205054 -0.657045 -28.6051 
364 -0.687787 -0.275316 0.671677 -170.651 -0.0445573 0.939554 0.33949 1.77771 -0.724544 0.203569 -0.65848 -29.4713 
365 -0.688586 -0.27278 0.671893 -170.691 -0.0425573 0.940156 0.338076 2.21935 -0.723905 0.2042 -0.658987 -30.2694 
366 -0.689253 -0.270361 0.672187 -170.706 -0.0415456 0.94099 0.335876 2.61526 -0.723328 0.203577 -0.659812 -31.103 
367 -0.690175 -0.270385 0.67123 -170.741 -0.0436264 0.941431 0.33437 2.49577 -0.722326 0.201491 -0.661548 -31.8806 
368 -0.691469 -0.270446 0.669873 -170.793 -0.0469101 0.942133 0.331942 2.29933 -0.720882 0.198104 -0.664142 -32.5859 
369 -0.692119 -0.2718 0.668652 -170.82 -0.0507754 0.942429 0.33053 1.90366 -0.719995 0.194815 -0.666074 -33.4251 
370 -0.691926 -0.274453 0.667768 -170.821 -0.053269 0.941813 0.331889 1.40886 -0.720001 0.194071 -0.666284 -34.3689 
371 -0.691482 -0.275848 0.667653 -170.786 -0.0528522 0.941065 0.334072 1.25633 -0.720458 0.195718 -0.665308 -35.5552 
372 -0.69142 -0.276507 0.667444 -170.778 -0.0513365 0.940327 0.336376 1.25249 -0.720626 0.198313 -0.664356 -36.5703 
373 -0.691837 -0.27546 0.667445 -170.771 -0.0489107 0.940126 0.3373 1.53385 -0.720395 0.200711 -0.663887 -37.6496 
374 -0.69202 -0.274173 0.667785 -170.792 -0.0464644 0.940066 0.337813 1.85529 -0.720381 0.202745 -0.663284 -38.4964 
375 -0.692165 -0.273756 0.667806 -170.792 -0.0455582 0.94 0.338118 1.97748 -0.7203 0.203609 -0.663107 -39.4814 
376 -0.692207 -0.273109 0.668027 -170.785 -0.0448291 0.940116 0.337895 2.1269 -0.720305 0.203946 -0.662998 -40.5013 
377 -0.692424 -0.274816 0.667102 -170.798 -0.0458638 0.939512 0.339432 1.8354 -0.720032 0.204435 -0.663144 -41.445 
378 -0.692326 -0.274631 0.667279 -170.785 -0.0448819 0.93934 0.340037 1.94111 -0.720187 0.205468 -0.662656 -42.4845 
379 -0.692859 -0.275223 0.666482 -170.79 -0.0445361 0.938861 0.341404 1.88908 -0.719696 0.206862 -0.662756 -43.5586 
380 -0.693037 -0.274681 0.666521 -170.819 -0.0432968 0.938756 0.341853 2.0407 -0.719601 0.208058 -0.662485 -44.3325 
381 -0.693548 -0.274716 0.665975 -170.844 -0.0438626 0.938826 0.341588 2.00038 -0.719074 0.207696 -0.66317 -45.2332 
382 -0.694169 -0.273509 0.665824 -170.87 -0.0436439 0.939289 0.340341 2.17475 -0.718487 0.207195 -0.663962 -46.1337 
383 -0.694943 -0.272804 0.665306 -170.908 -0.0437115 0.939554 0.339599 2.25538 -0.717735 0.20692 -0.664861 -46.9894 
384 -0.695846 -0.2721 0.664651 -170.957 -0.0431846 0.939628 0.339461 2.3695 -0.716892 0.207509 -0.665587 -47.8081 
385 -0.696523 -0.27304 0.663554 -170.971 -0.0443587 0.939387 0.339977 2.16759 -0.716162 0.207368 -0.666417 -48.7975 
386 -0.697274 -0.273381 0.662625 -171.047 -0.0451621 0.939333 0.340019 2.05219 -0.71538 0.207161 -0.66732 -49.6235 
387 -0.697643 -0.274148 0.661919 -171.069 -0.0464843 0.939267 0.340024 1.86549 -0.714936 0.206447 -0.668017 -50.6425 
388 -0.697599 -0.2751 0.661571 -171.062 -0.0471576 0.938978 0.340728 1.71356 -0.714935 0.206494 -0.668003 -51.7009 
389 -0.697176 -0.278406 0.660633 -171.021 -0.0493267 0.937958 0.343223 1.1652 -0.715201 0.2067 -0.667655 -52.664 
390 -0.696631 -0.279674 0.660672 -170.995 -0.0502687 0.937652 0.34392 0.968204 -0.715666 0.206374 -0.667257 -53.933 
391 -0.695653 -0.28065 0.661288 -170.918 -0.0515475 0.937658 0.343714 0.801978 -0.716526 0.205018 -0.666752 -55.1753 
392 -0.694314 -0.282645 0.661846 -170.813 -0.0539458 0.937502 0.343773 0.428976 -0.717647 0.202982 -0.666168 -56.484 
393 -0.692893 -0.282389 0.663443 -170.65 -0.053332 0.937669 0.343412 0.580885 -0.719066 0.202565 -0.664765 -57.6826 
394 -0.692061 -0.281515 0.664681 -170.614 -0.0510803 0.937607 0.343925 0.915795 -0.72003 0.204065 -0.663261 -59.0433 
395 -0.691344 -0.279062 0.66646 -170.54 -0.0455064 0.937388 0.3453 1.72096 -0.721092 0.208393 -0.660757 -60.2457 
396 -0.690742 -0.276922 0.667974 -170.473 -0.0390265 0.936694 0.347968 2.57015 -0.722047 0.214287 -0.657821 -61.4107 
397 -0.690495 -0.276489 0.668409 -170.445 -0.037288 0.93644 0.34884 2.80495 -0.722376 0.215948 -0.656917 -62.4734 
398 -0.690344 -0.276718 0.66847 -170.427 -0.0406498 0.937339 0.346039 2.50806 -0.722339 0.211713 -0.658335 -63.5186 
399 -0.690371 -0.276913 0.668362 -170.404 -0.0444807 0.938345 0.342826 2.15963 -0.722087 0.206948 -0.660123 -64.4983 
400 -0.690578 -0.276395 0.668362 -170.434 -0.0440088 0.938445 0.342613 2.27201 -0.721918 0.207187 -0.660233 -65.4931 
401 -0.690465 -0.277061 0.668204 -170.417 -0.0420488 0.937553 0.345293 2.39726 -0.722143 0.210315 -0.658997 -66.4974 
402 -0.690783 -0.276094 0.668275 -170.407 -0.040723 0.937617 0.345277 2.64059 -0.721915 0.211297 -0.658933 -67.3737 
403 -0.691547 -0.274964 0.667951 -170.501 -0.0409018 0.938137 0.34384 2.74855 -0.721173 0.210461 -0.660012 -68.2689 
404 -0.692292 -0.274587 0.667333 -170.566 -0.0420376 0.93855 0.342574 2.67583 -0.720392 0.209108 -0.661294 -69.0961 
405 -0.692824 -0.274851 0.666672 -170.615 -0.0414661 0.938168 0.343688 2.70123 -0.719913 0.210471 -0.661382 -69.9622 
406 -0.693143 -0.274411 0.666522 -170.635 -0.0383516 0.937428 0.346061 3.06381 -0.719779 0.214308 -0.660296 -70.8778 
407 -0.69362 -0.273418 0.666433 -170.669 -0.0355688 0.937035 0.347419 3.45466 -0.719462 0.217272 -0.659672 -71.759 
408 -0.694391 -0.271984 0.666218 -170.704 -0.0343412 0.93729 0.346855 3.731 -0.718778 0.217974 -0.660185 -72.4636 
409 -0.694984 -0.270879 0.666049 -170.782 -0.0346653 0.937868 0.345255 3.8168 -0.718189 0.216858 -0.661194 -73.4213 
410 -0.695448 -0.270287 0.665806 -170.823 -0.0355288 0.938362 0.343822 3.79559 -0.717698 0.215455 -0.662185 -74.2913 
411 -0.695324 -0.272565 0.665006 -170.818 -0.037955 0.93793 0.344742 3.32369 -0.717693 0.214467 -0.66251 -75.2719 
412 -0.694798 -0.274644 0.6647 -170.73 -0.0400284 0.93755 0.345541 2.92818 -0.71809 0.213474 -0.662401 -76.2637 
413 -0.694164 -0.2762 0.664718 -170.702 -0.0412358 0.937197 0.346356 2.67015 -0.718635 0.213017 -0.661957 -77.4698 
414 -0.693688 -0.277889 0.664511 -170.655 -0.0423638 0.936722 0.3475 2.40738 -0.719029 0.212905 -0.661565 -78.5301 
415 -0.69303 -0.279279 0.664614 -170.582 -0.0428495 0.93624 0.348739 2.25194 -0.719634 0.213208 -0.66081 -79.6451 
416 -0.692656 -0.278593 0.665292 -170.527 -0.0422741 0.936487 0.348144 2.41816 -0.720028 0.21302 -0.660441 -80.7325 
417 -0.692267 -0.27954 0.6653 -170.481 -0.04371 0.936476 0.347999 2.19323 -0.720316 0.211828 -0.66051 -81.8033 
418 -0.691728 -0.280248 0.665563 -170.382 -0.0451185 0.936601 0.347481 1.9972 -0.720748 0.210333 -0.660517 -82.7348 
419 -0.691395 -0.279412 0.66626 -170.365 -0.0444087 0.93688 0.346819 2.18815 -0.721111 0.210201 -0.660163 -83.9335 
420 -0.690716 -0.276613 0.66813 -170.259 -0.0411015 0.93747 0.345632 2.88279 -0.721957 0.211272 -0.658894 -85.0756 
421 -0.69068 -0.275998 0.668421 -170.245 -0.0405043 0.937618 0.3453 3.03475 -0.722026 0.211418 -0.658773 -86.0248 
422 -0.690291 -0.276443 0.668638 -170.195 -0.042392 0.937997 0.344042 2.79839 -0.722289 0.209144 -0.65921 -87.0506 
423 -0.689789 -0.275417 0.66958 -170.118 -0.0443814 0.939166 0.340585 2.68315 -0.722649 0.205215 -0.660049 -88.1248 
424 -0.689101 -0.275117 0.67041 -170.024 -0.0455103 0.939735 0.338861 2.60681 -0.723235 0.202999 -0.660093 -89.2194 
425 -0.688268 -0.277995 0.670079 -169.893 -0.0466872 0.938724 0.341493 2.24031 -0.723953 0.203754 -0.659073 -90.0536 
426 -0.688114 -0.278776 0.669913 -169.91 -0.0463035 0.938239 0.342875 2.24071 -0.724124 0.204917 -0.658523 -91.2364 
427 -0.688329 -0.278955 0.669617 -169.929 -0.0466351 0.93821 0.342909 2.19903 -0.723898 0.204807 -0.658807 -92.073 
428 -0.688533 -0.278576 0.669565 -169.942 -0.0470133 0.938482 0.342114 2.19799 -0.723679 0.204079 -0.659273 -92.8877 
429 -0.688365 -0.278471 0.669782 -169.922 -0.0468556 0.938515 0.342045 2.24979 -0.723849 0.204069 -0.659089 -93.8414 
430 -0.688511 -0.278778 0.669505 -169.938 -0.0472351 0.938444 0.342186 2.18819 -0.723686 0.203975 -0.659297 -94.649 
431 -0.688266 -0.279661 0.669387 -169.888 -0.0477196 0.938164 0.342886 2.07416 -0.723887 0.204054 -0.659052 -95.4706 
433 -0.688746 -0.279395 0.669005 -169.957 -0.0470032 0.938028 0.343357 2.21752 -0.723477 0.20504 -0.659196 -97.0785 
434 -0.688456 -0.27955 0.669238 -169.922 -0.0456057 0.937593 0.344731 2.4222 -0.723842 0.206811 -0.658241 -97.7824 
435 -0.688956 -0.278802 0.669036 -169.972 -0.0435011 0.9373 0.345798 2.77124 -0.723497 0.209136 -0.657887 -98.6518 
436 -0.689018 -0.277692 0.669433 -169.965 -0.0415066 0.937286 0.346081 3.15305 -0.723554 0.21067 -0.657333 -99.4344 
437 -0.689417 -0.275938 0.669749 -169.999 -0.0393746 0.937509 0.345725 3.59802 -0.723294 0.211978 -0.657199 -100.131 
438 -0.689979 -0.27378 0.670055 -170.057 -0.0372469 0.937911 0.34487 4.07187 -0.72287 0.212995 -0.657337 -100.78 
439 -0.690689 -0.272647 0.669785 -170.144 -0.0366502 0.93821 0.34412 4.24584 -0.722223 0.213132 -0.658004 -101.359 
440 -0.691352 -0.27313 0.668904 -170.269 -0.0366839 0.93787 0.345041 4.2024 -0.721586 0.214007 -0.658418 -101.765 
442 -0.694486 -0.268491 0.667534 -170.634 -0.0351115 0.939308 0.341272 4.74864 -0.718649 0.213571 -0.661764 -102.614 
444 -0.703318 -0.260503 0.661424 -171.836 -0.0321882 0.941152 0.336448 5.60748 -0.710146 0.21534 -0.670314 -101.884 
446 -0.719019 -0.251158 0.648021 -174.019 -0.0282314 0.942203 0.333852 6.5416 -0.694417 0.221751 -0.684552 -99.322 
448 -0.740138 -0.239994 0.628171 -176.955 -0.0240075 0.942981 0.331981 7.4923 -0.672026 0.230631 -0.703697 -95.159 
450 -0.76845 -0.223503 0.599609 -180.821 -0.0181669 0.944263 0.32869 8.83034 -0.639652 0.241689 -0.72968 -88.6731 
452 -0.802876 -0.212048 0.557159 -185.487 -0.0179895 0.942793 0.332892 8.67817 -0.595874 0.257248 -0.760761 -79.5863 
454 -0.839578 -0.201976 0.504296 -190.322 -0.0215838 0.939982 0.340539 7.61652 -0.54281 0.275025 -0.793548 -68.4294 
456 -0.87992 -0.182604 0.43863 -195.098 -0.022087 0.937918 0.346152 7.27449 -0.474608 0.294898 -0.829326 -54.2263 
458 -0.919359 -0.167743 0.355868 -199.278 -0.0341222 0.935138 0.352637 4.6033 -0.391938 0.312057 -0.865451 -37.1043 
460 -0.950955 -0.157982 0.265946 -202.295 -0.0551277 0.932537 0.35684 0.263452 -0.304379 0.324678 -0.89551 -18.8475 
462 -0.975643 -0.133252 0.174254 -202.732 -0.0639699 0.93266 0.355039 -1.41239 -0.20983 0.335244 -0.918468 -0.489065 
464 -0.991694 -0.100486 0.0802845 -201.718 -0.0653786 0.93137 0.358157 -1.81922 -0.110764 0.349933 -0.930203 18.9653 
466 -0.996475 -0.0812897 -0.0207371 -198.812 -0.0832106 0.926235 0.367648 -5.78312 -0.0106786 0.368078 -0.929734 38.7046 
468 -0.992216 -0.0425366 -0.117036 -193.558 -0.0834256 0.924819 0.371148 -5.94978 0.0924498 0.378023 -0.921169 57.7847 
470 -0.978236 0.00626246 -0.2074 -186.602 -0.0724244 0.926375 0.369573 -3.66208 0.194445 0.376551 -0.90576 76.5083 
472 -0.954527 0.0420691 -0.295143 -178.615 -0.0727383 0.927211 0.367407 -3.61272 0.289116 0.372168 -0.881988 94.5904 
474 -0.919615 0.0861806 -0.383252 -167.46 -0.0666215 0.927287 0.368375 -2.43597 0.387131 0.364296 -0.847005 110.603 
475 -0.899996 0.104797 -0.423112 -161.925 -0.0652638 0.927332 0.368505 -2.16898 0.430984 0.359267 -0.827756 118.161 
477 -0.86034 0.128998 -0.493128 -151.553 -0.0752327 0.924715 0.373152 -4.29028 0.504139 0.358137 -0.785864 131.417 
479 -0.822878 0.16126 -0.544855 -141.753 -0.072864 0.921021 0.382637 -4.18465 0.563527 0.354564 -0.746138 140.051 
481 -0.789665 0.179278 -0.586762 -133.6 -0.0766718 0.920024 0.384287 -4.97791 0.608729 0.348446 -0.712765 146.858 
483 -0.765705 0.189426 -0.614665 -127.876 -0.0790411 0.920693 0.382201 -5.35139 0.638317 0.341237 -0.690007 150.897 
485 -0.75023 0.193067 -0.63236 -124.235 -0.0809605 0.922394 0.377669 -5.62898 0.656201 0.334535 -0.676377 153.618 
487 -0.739386 0.197364 -0.643704 -121.752 -0.0805257 0.923285 0.375581 -5.37181 0.668449 0.329534 -0.666771 153.709 
489 -0.733323 0.205806 -0.647982 -120.275 -0.0754296 0.922571 0.378382 -4.46532 0.675683 0.326353 -0.661019 153.945 
491 -0.728932 0.201616 -0.654224 -119.341 -0.0785772 0.924693 0.372517 -4.85811 0.680062 0.322947 -0.658195 153.291 
492 -0.727293 0.197811 -0.657203 -119.022 -0.0816765 0.925815 0.369047 -5.35524 0.68145 0.322084 -0.657182 153.334 
494 -0.727121 0.206363 -0.654759 -118.875 -0.0767867 0.923319 0.37628 -4.61953 0.682201 0.323878 -0.655519 151.777 
495 -0.728505 0.206077 -0.653309 -119.142 -0.0753497 0.923788 0.375418 -4.34003 0.680884 0.322721 -0.657456 151.391 
496 -0.727925 0.201956 -0.65524 -119.09 -0.0762675 0.925859 0.370093 -4.30485 0.681402 0.319373 -0.658553 150.331 
497 -0.72815 0.200085 -0.655564 -119.154 -0.0728823 0.928419 0.364315 -3.48459 0.681532 0.313055 -0.661445 149.619 
498 -0.728565 0.19965 -0.655234 -119.242 -0.0697809 0.92997 0.360953 -2.79704 0.681413 0.308701 -0.663612 148.941 
499 -0.728756 0.201707 -0.654392 -119.257 -0.068187 0.929508 0.362443 -2.54679 0.68137 0.308754 -0.663631 148.371 
501 -0.729122 0.194211 -0.656249 -119.412 -0.077084 0.929485 0.360717 -4.15956 0.680029 0.313593 -0.662737 146.438 
502 -0.728741 0.19094 -0.657631 -119.359 -0.0804125 0.929836 0.359081 -4.73566 0.680052 0.314559 -0.662256 145.752 
503 -0.728052 0.190032 -0.658656 -119.133 -0.0820199 0.929761 0.358912 -5.07392 0.680598 0.315329 -0.661327 144.865 
505 -0.728919 0.190781 -0.65748 -119.377 -0.0862444 0.927144 0.364644 -5.95612 0.679146 0.3225 -0.659359 143.264 
506 -0.728342 0.187626 -0.659026 -119.284 -0.0899721 0.927267 0.36343 -6.6144 0.679282 0.323995 -0.658486 142.516 
508 -0.727761 0.186189 -0.660074 -119.161 -0.0881391 0.929072 0.359244 -6.1592 0.680144 0.319622 -0.659732 140.755 
510 -0.727512 0.190686 -0.659064 -119.046 -0.0889448 0.926282 0.366183 -6.44547 0.680305 0.325023 -0.656921 139.047 
511 -0.72803 0.193268 -0.657739 -119.007 -0.0878469 0.925228 0.369101 -6.34342 0.679894 0.326497 -0.656615 137.486 
513 -0.728344 0.198037 -0.65597 -119.112 -0.0820995 0.925206 0.370478 -5.2505 0.680275 0.32369 -0.657609 136.096 
514 -0.728377 0.201791 -0.654788 -119.075 -0.0758177 0.926043 0.369724 -4.09552 0.680969 0.318943 -0.659209 135.354 
516 -0.729013 0.201036 -0.654313 -119.189 -0.0739969 0.92715 0.36731 -3.70689 0.680489 0.316191 -0.661028 133.29 
518 -0.729691 0.198867 -0.654219 -119.319 -0.0792211 0.925742 0.369764 -4.65522 0.679172 0.321642 -0.659751 131.136 
520 -0.730747 0.204487 -0.651301 -119.448 -0.0773701 0.923124 0.376638 -4.39808 0.67825 0.325619 -0.658749 129.032 
522 -0.731977 0.213786 -0.64692 -119.515 -0.0728133 0.919513 0.386256 -3.71981 0.677428 0.329835 -0.657496 126.55 
524 -0.732374 0.219596 -0.64452 -119.588 -0.0758076 0.914385 0.397684 -4.3181 0.676669 0.340113 -0.653025 124.859 
525 -0.732731 0.221075 -0.643608 -119.631 -0.0734741 0.914532 0.397785 -3.89522 0.676541 0.338758 -0.653863 123.836 
526 -0.733048 0.219005 -0.643954 -119.692 -0.0697309 0.91756 0.391435 -3.16567 0.676593 0.331844 -0.657344 122.811 
527 -0.733684 0.218585 -0.643372 -119.795 -0.0640025 0.920404 0.385693 -2.11531 0.67647 0.324154 -0.661296 121.748 
528 -0.734413 0.218399 -0.642604 -119.91 -0.0618645 0.921329 0.383831 -1.72348 0.675877 0.321645 -0.663125 120.664 
529 -0.735385 0.218205 -0.641557 -119.972 -0.0633075 0.920476 0.385636 -1.98701 0.674686 0.324206 -0.663091 119.182 
531 -0.736491 0.21817 -0.6403 -120.25 -0.0655277 0.9191 0.388538 -2.32573 0.673267 0.328112 -0.662612 117.379 
532 -0.738505 0.214157 -0.639334 -120.618 -0.0681339 0.91966 0.386759 -2.73889 0.670797 0.329184 -0.664582 116.007 
533 -0.742741 0.209143 -0.636078 -121.364 -0.0706771 0.920172 0.385082 -3.13995 0.665839 0.330972 -0.668668 114.216 
535 -0.756198 0.201283 -0.622615 -123.657 -0.0709815 0.920664 0.383848 -3.14881 0.650481 0.33446 -0.681917 109.782 
537 -0.777223 0.194971 -0.598256 -127.144 -0.0688948 0.918697 0.388907 -2.78172 0.625442 0.343484 -0.7006 103.781 
539 -0.805132 0.184033 -0.563822 -131.708 -0.0666026 0.916574 0.39428 -2.36752 0.589344 0.354999 -0.725706 96.0305 
541 -0.839431 0.169206 -0.516455 -136.831 -0.0594096 0.916032 0.396682 -1.20941 0.54021 0.363669 -0.758892 86.3119 
543 -0.87336 0.150264 -0.463318 -142.531 -0.0538147 0.915632 0.3984 -0.215664 0.484094 0.37288 -0.791589 75.0952 
544 -0.888692 0.141193 -0.436223 -144.796 -0.0461264 0.919047 0.39144 1.00062 0.456178 0.367991 -0.810237 69.6458 
545 -0.90349 0.129538 -0.408564 -147.133 -0.0410827 0.922673 0.383389 1.79251 0.426635 0.363174 -0.828304 63.7767 
546 -0.916964 0.114173 -0.382284 -149.158 -0.0413123 0.925857 0.37561 1.71959 0.396824 0.360214 -0.844261 57.9752 
547 -0.928975 0.0981871 -0.356883 -150.925 -0.0450828 0.926982 0.372387 1.10553 0.367387 0.362027 -0.856716 52.2898 
548 -0.938906 0.0861813 -0.333209 -152.219 -0.0462826 0.927734 0.370363 0.906002 0.341048 0.363157 -0.867066 47.2103 
549 -0.947598 0.0788448 -0.309584 -153.503 -0.0435316 0.928159 0.369629 1.36176 0.316486 0.363736 -0.876089 42.2434 
550 -0.954235 0.0741809 -0.28971 -154.354 -0.0395055 0.92899 0.367991 1.9934 0.296436 0.362596 -0.883544 38.0775 
551 -0.959945 0.0658403 -0.272344 -154.868 -0.0403939 0.929325 0.367046 1.81938 0.277263 0.363345 -0.889441 34.2665 
552 -0.96497 0.056434 -0.256218 -155.699 -0.0446272 0.927053 0.372266 1.25579 0.258536 0.37066 -0.89206 30.1847 
553 -0.969632 0.0499957 -0.239403 -156.225 -0.0445289 0.926431 0.373822 1.30375 0.24048 0.37313 -0.896071 26.3667 
554 -0.9737 0.0433154 -0.223678 -156.654 -0.0444544 0.926771 0.372987 1.31538 0.223454 0.373121 -0.900472 22.6912 
555 -0.977212 0.0363687 -0.209126 -156.994 -0.0442484 0.928666 0.368269 1.29304 0.207601 0.369131 -0.905894 19.172 
556 -0.980092 0.0341314 -0.195586 -157.227 -0.0405754 0.929888 0.365599 1.84032 0.194351 0.366257 -0.909991 16.0775 
557 -0.982424 0.0357298 -0.18321 -157.222 -0.0349848 0.92887 0.368749 2.75943 0.183353 0.368677 -0.911295 13.5855 
558 -0.983784 0.0382855 -0.175223 -157.443 -0.0314606 0.92497 0.378736 3.51439 0.176577 0.378107 -0.908766 11.4756 
559 -0.984589 0.0405119 -0.170126 -157.468 -0.0290129 0.92148 0.38734 4.07321 0.17246 0.386307 -0.906104 9.93801 
560 -0.984772 0.0383918 -0.169558 -157.476 -0.0307447 0.921481 0.387205 3.81207 0.17111 0.386522 -0.906268 8.77394 
561 -0.984799 0.0349291 -0.170152 -157.483 -0.033663 0.922623 0.384232 3.3087 0.170407 0.384119 -0.907422 7.6809 
562 -0.984723 0.0296531 -0.171586 -157.49 -0.0382274 0.924541 0.379161 2.49977 0.169882 0.379928 -0.909283 6.58882 
563 -0.984529 0.0216289 -0.173879 -157.487 -0.0460277 0.925578 0.375749 1.21812 0.169066 0.377939 -0.910263 5.4518 
564 -0.984315 0.0167753 -0.17562 -157.47 -0.0511069 0.92567 0.374864 0.418805 0.168855 0.377959 -0.910294 4.41969 
565 -0.984154 0.014678 -0.176705 -157.451 -0.0538122 0.924841 0.376528 0.052466 0.168951 0.38007 -0.909397 3.44231 
566 -0.983951 0.0130595 -0.177961 -157.432 -0.056003 0.924325 0.377474 -0.248953 0.169423 0.381382 -0.908759 2.50006 
567 -0.983735 0.0134681 -0.17912 -157.418 -0.0561499 0.924157 0.377865 -0.247406 0.170624 0.381776 -0.908369 1.66181 
568 -0.983387 0.0121987 -0.181108 -157.4 -0.0578477 0.924656 0.376384 -0.536997 0.172054 0.380608 -0.90859 0.840015 
569 -0.983147 0.0106496 -0.182506 -157.381 -0.0594415 0.925438 0.374208 -0.831583 0.172883 0.37875 -0.909208 -0.0889881 
570 -0.982962 0.00901787 -0.183585 -157.358 -0.0609869 0.926213 0.372036 -1.12068 0.173394 0.376893 -0.909882 -1.07419 
571 -0.982678 0.00596119 -0.185225 -157.218 -0.064246 0.926542 0.370664 -1.65526 0.173829 0.376143 -0.91011 -1.9844 
572 -0.982856 0.00298772 -0.184352 -157.309 -0.0666766 0.926438 0.370495 -2.01436 0.171897 0.376435 -0.910356 -3.45803 
573 -0.98304 0.000926542 -0.183388 -157.284 -0.0682791 0.926245 0.370685 -2.23794 0.170206 0.37692 -0.910473 -4.79391 
574 -0.983231 0.000542815 -0.182366 -157.214 -0.0683501 0.926007 0.371267 -2.21308 0.169074 0.377506 -0.910441 -6.02507 
575 -0.983441 -0.00116888 -0.181224 -157.228 -0.0694677 0.926029 0.371005 -2.37278 0.167385 0.37745 -0.910776 -7.39978 
576 -0.983598 -0.00154678 -0.180369 -157.198 -0.0698347 0.925243 0.372891 -2.3414 0.166309 0.379371 -0.910175 -8.63232 
577 -0.983703 -0.00202397 -0.179792 -157.107 -0.0703906 0.92446 0.374725 -2.33557 0.165452 0.381273 -0.909536 -9.68592 
578 -0.983825 -0.00307315 -0.179104 -157.16 -0.0714017 0.923717 0.376363 -2.40466 0.164285 0.383064 -0.908995 -11.0617 
579 -0.983943 -0.00433447 -0.178431 -157.13 -0.0720685 0.924234 0.374964 -2.54016 0.163287 0.381802 -0.909706 -12.295 
580 -0.984021 -0.00521504 -0.177978 -157.012 -0.0722614 0.925249 0.372414 -2.65231 0.162732 0.379324 -0.910841 -13.2983 
581 -0.984136 -0.0059339 -0.177314 -157.082 -0.0724706 0.9257 0.371251 -2.71804 0.161937 0.378211 -0.911445 -14.6483 
582 -0.98427 -0.0069435 -0.176535 -157.052 -0.0731255 0.925627 0.371305 -2.79461 0.160827 0.378373 -0.911575 -15.8741 
583 -0.984488 -0.00876939 -0.17523 -157.003 -0.0744472 0.925259 0.37196 -2.94487 0.158871 0.379235 -0.911559 -17.2323 
584 -0.984843 -0.0107314 -0.173114 -156.934 -0.0756769 0.924657 0.373206 -3.05241 0.156066 0.38065 -0.911454 -18.7161 
585 -0.985265 -0.0120557 -0.170609 -156.862 -0.0759413 0.924628 0.373224 -3.06838 0.15325 0.380681 -0.911919 -20.2013 
586 -0.98569 -0.0144427 -0.167949 -156.568 -0.0769263 0.925068 0.371929 -3.26326 0.149992 0.379526 -0.912941 -21.5525 
587 -0.986078 -0.016352 -0.165475 -156.681 -0.0776031 0.925385 0.370999 -3.38473 0.147061 0.378675 -0.913771 -23.2992 
588 -0.986418 -0.0183285 -0.163231 -156.585 -0.0787597 0.924843 0.372105 -3.48222 0.144143 0.379906 -0.913725 -24.7931 
589 -0.986807 -0.0195296 -0.16072 -156.465 -0.0791367 0.924212 0.373589 -3.44216 0.141243 0.381379 -0.913565 -26.1782 
590 -0.987211 -0.0196638 -0.158201 -156.436 -0.0784632 0.923776 0.374808 -3.25346 0.138772 0.382427 -0.913505 -27.6969 
591 -0.987589 -0.0200426 -0.155774 -156.361 -0.0778848 0.923778 0.374923 -3.13959 0.136386 0.382403 -0.913875 -29.0945 
592 -0.987978 -0.0211761 -0.153135 -156.187 -0.0778577 0.923933 0.374548 -3.13977 0.133555 0.381968 -0.914475 -30.4665 
593 -0.988272 -0.021072 -0.151241 -156.196 -0.0769328 0.924257 0.373938 -3.0099 0.131906 0.381188 -0.915039 -31.8491 
594 -0.988433 -0.0224641 -0.149987 -156.118 -0.0777234 0.924256 0.373778 -3.11748 0.13023 0.381112 -0.915311 -33.1345 
595 -0.988511 -0.0240616 -0.149222 -155.927 -0.0789604 0.924033 0.374069 -3.26943 0.128886 0.381554 -0.915317 -34.2523 
596 -0.988509 -0.0248049 -0.149115 -156.023 -0.0794547 0.924448 0.372939 -3.38195 0.128598 0.380501 -0.915795 -35.4388 
597 -0.988546 -0.0256571 -0.148722 -155.983 -0.0795135 0.926122 0.368749 -3.62294 0.128274 0.376351 -0.917554 -36.5393 
598 -0.988528 -0.0268453 -0.148631 -155.94 -0.0801972 0.927186 0.365917 -3.88126 0.127986 0.373639 -0.918702 -37.6282 
599 -0.988521 -0.0259079 -0.148848 -155.954 -0.0792753 0.927618 0.365021 -3.78211 0.128617 0.372631 -0.919023 -38.5454 
600 -0.988517 -0.0245802 -0.149098 -155.975 -0.078304 0.927198 0.366296 -3.53822 0.12924 0.373765 -0.918475 -39.4359 
601 -0.988587 -0.0229179 -0.148896 -155.844 -0.0767935 0.926971 0.367189 -3.2388 0.129607 0.374433 -0.918152 -40.2392 
602 -0.988649 -0.0207124 -0.148812 -156.007 -0.0749132 0.92651 0.368738 -2.83731 0.130238 0.3757 -0.917544 -41.243 
603 -0.988588 -0.0195278 -0.149376 -156.037 -0.0741458 0.926219 0.369623 -2.64455 0.131137 0.37648 -0.917096 -42.0816 
604 -0.988517 -0.0188185 -0.149936 -156.058 -0.0737984 0.925964 0.37033 -2.52577 0.131866 0.377142 -0.91672 -42.9492 
605 -0.988335 -0.0192788 -0.151071 -156.078 -0.0747012 0.925798 0.370563 -2.62076 0.132718 0.377526 -0.916439 -43.7952 
606 -0.988205 -0.0189873 -0.151955 -156.105 -0.0746365 0.926167 0.369653 -2.65409 0.133717 0.376635 -0.91666 -44.6261 
607 -0.98813 -0.0164651 -0.152736 -156.171 -0.0724324 0.926722 0.368701 -2.3781 0.135473 0.375387 -0.916914 -45.3278 
608 -0.987772 -0.0147142 -0.155212 -156.292 -0.0716186 0.927106 0.367892 -2.2958 0.138485 0.374509 -0.916823 -45.8143 
609 -0.987299 -0.0148969 -0.158171 -156.395 -0.0728342 0.927247 0.367298 -2.49715 0.141192 0.374153 -0.916555 -46.3389 
610 -0.986984 -0.0136611 -0.160239 -156.375 -0.0722753 0.927773 0.36608 -2.48158 0.143664 0.372896 -0.916684 -46.8758 
611 -0.986669 -0.0126406 -0.162246 -156.58 -0.0719816 0.928048 0.36544 -2.47145 0.145952 0.372247 -0.916586 -47.4877 
612 -0.986457 -0.0131298 -0.163494 -156.614 -0.0729702 0.927845 0.365759 -2.57382 0.146895 0.372735 -0.916237 -48.28 
613 -0.986334 -0.0146376 -0.164105 -156.525 -0.0749109 0.926978 0.36756 -2.6945 0.146741 0.374831 -0.915406 -49.2166 
614 -0.986345 -0.0154166 -0.163971 -156.57 -0.0758521 0.926253 0.369192 -2.68894 0.146187 0.376588 -0.914774 -50.2306 
615 -0.986463 -0.0161768 -0.163182 -156.507 -0.0764009 0.925856 0.370073 -2.67869 0.145097 0.37753 -0.914559 -51.307 
616 -0.986561 -0.0177458 -0.162426 -156.425 -0.0775854 0.925744 0.370106 -2.82722 0.143797 0.377734 -0.91468 -52.4101 
617 -0.98676 -0.019962 -0.160956 -156.289 -0.0790221 0.925811 0.369634 -3.0545 0.141636 0.377459 -0.915131 -53.6464 
618 -0.987259 -0.0220056 -0.157591 -156.057 -0.0796664 0.925679 0.369827 -3.11125 0.13774 0.37767 -0.915638 -55.1296 
619 -0.988057 -0.0234809 -0.152288 -155.738 -0.0790304 0.925651 0.370032 -2.98193 0.132277 0.377648 -0.916452 -56.8416 
620 -0.989018 -0.0253716 -0.145598 -155.33 -0.078242 0.92566 0.370178 -2.83562 0.125382 0.377505 -0.91748 -58.7557 
621 -0.990102 -0.0266462 -0.137795 -154.788 -0.0765 0.925601 0.37069 -2.53194 0.117665 0.377562 -0.918478 -60.7637 
623 -0.99227 -0.0270657 -0.12111 -153.897 -0.070764 0.925115 0.373034 -1.45154 0.101944 0.378721 -0.919879 -64.8152 
625 -0.993921 -0.029355 -0.106111 -152.904 -0.0672782 0.924853 0.374327 -0.7998 0.0871484 0.379191 -0.921205 -68.5704 
627 -0.995147 -0.0319412 -0.0930679 -151.999 -0.0646673 0.925197 0.373937 -0.418245 0.0741621 0.378141 -0.922773 -71.9298 
629 -0.996082 -0.0342975 -0.0815187 -151.097 -0.0624138 0.925655 0.373184 -0.138981 0.0626589 0.37681 -0.924169 -74.896 
632 -0.99707 -0.0352662 -0.0678788 -150.144 -0.0582984 0.924849 0.375841 0.75063 0.0495231 0.378697 -0.924195 -78.6045 
634 -0.997452 -0.0364567 -0.061324 -149.599 -0.0569646 0.924481 0.376948 1.06213 0.0429506 0.37948 -0.924202 -80.4969 
636 -0.997834 -0.0346793 -0.0558925 -149.274 -0.0533053 0.924176 0.378228 1.7427 0.0385378 0.380389 -0.924023 -82.0509 
638 -0.99796 -0.0349555 -0.0534287 -149.065 -0.0527066 0.923323 0.380391 2.05209 0.0360352 0.382431 -0.923281 -83.1158 
640 -0.99775 -0.0366231 -0.0561607 -149.211 -0.0552661 0.923481 0.379643 1.62007 0.0379597 0.381892 -0.923427 -83.4174 
642 -0.997336 -0.0385374 -0.0619342 -149.666 -0.0591881 0.923786 0.378307 0.941927 0.042635 0.380965 -0.923606 -83.0001 
646 -0.996953 -0.0350434 -0.0696912 -150.259 -0.0586222 0.925982 0.372989 0.524711 0.051462 0.375937 -0.925215 -82.684 
651 -0.995831 -0.0315357 -0.0855934 -151.566 -0.0613274 0.926081 0.372308 0.0805982 0.0675254 0.376005 -0.924154 -81.025 
659 -0.990747 -0.0212597 -0.13405 -155.285 -0.0702566 0.925369 0.372499 -1.1665 0.116126 0.37847 -0.9183 -74.2884 
727 -0.976655 0.0102214 -0.214569 -161.11 -0.0716063 0.926246 0.370055 -1.5906 0.202526 0.376781 -0.903891 -60.7619 
732 -0.95676 0.0354554 -0.288711 -165.447 -0.0755276 0.928221 0.364282 -2.72363 0.280903 0.370336 -0.885406 -47.7459 
736 -0.930926 0.0667067 -0.359063 -168.689 -0.0764612 0.925788 0.37023 -2.25376 0.357113 0.372111 -0.85674 -34.8951 
739 -0.901258 0.0950055 -0.422739 -170.791 -0.0790042 0.923275 0.375928 -2.04288 0.426019 0.372206 -0.824603 -22.5874 
742 -0.856991 0.132572 -0.497987 -172.113 -0.0807046 0.919893 0.383775 -1.48459 0.508973 0.369082 -0.777641 -6.90439 
744 -0.814346 0.158482 -0.558322 -172.074 -0.0822331 0.920783 0.381309 -1.9366 0.574524 0.35643 -0.736804 6.03683 
746 -0.756388 0.186652 -0.626928 -170.676 -0.0853301 0.922079 0.377476 -2.75442 0.648534 0.339014 -0.681522 21.5673 
748 -0.682127 0.227204 -0.69504 -167.295 -0.07823 0.922374 0.378295 -1.6703 0.727037 0.312418 -0.611402 39.2393 
750 -0.601046 0.258135 -0.75638 -162.248 -0.0771208 0.923255 0.376369 -1.70996 0.795485 0.284547 -0.535011 56.1593 
752 -0.512697 0.290136 -0.808061 -155.178 -0.0791224 0.9212 0.380961 -1.51702 0.854916 0.259253 -0.44934 71.9213 
753 -0.466081 0.303156 -0.831183 -151.057 -0.0832855 0.920258 0.382346 -1.94765 0.880813 0.24743 -0.403666 79.587 
754 -0.419155 0.31696 -0.850791 -146.652 -0.0874727 0.918625 0.385326 -2.20613 0.903691 0.235932 -0.357321 87.0419 
755 -0.369273 0.333343 -0.867479 -141.606 -0.0912927 0.915928 0.390822 -2.15347 0.924826 0.223514 -0.307795 94.1929 
756 -0.318847 0.347614 -0.88176 -136.266 -0.0950366 0.913903 0.394651 -2.25706 0.943029 0.209633 -0.258359 101.117 
757 -0.268338 0.359108 -0.893888 -130.665 -0.099382 0.912649 0.396478 -2.64907 0.958185 0.195226 -0.209209 107.567 
758 -0.216063 0.369985 -0.903564 -124.598 -0.10316 0.911593 0.39794 -3.00382 0.970914 0.179192 -0.158794 113.974 
759 -0.168456 0.379396 -0.90977 -118.87 -0.106058 0.910625 0.399391 -3.22492 0.979987 0.163769 -0.113162 119.05 
760 -0.12246 0.388888 -0.91311 -113.124 -0.106128 0.909628 0.401638 -2.98896 0.986783 0.146091 -0.0701212 123.798 
761 -0.0818434 0.393612 -0.915626 -107.924 -0.105134 0.910173 0.400665 -2.95998 0.991085 0.129055 -0.0331096 127.773 
762 -0.0474151 0.396139 -0.916965 -103.433 -0.105474 0.91088 0.398964 -3.17717 0.993291 0.115633 -0.0014071 130.532 
763 -0.0196401 0.39757 -0.917362 -99.742 -0.103675 0.911783 0.397371 -3.10537 0.994417 0.102912 0.0233106 132.557 
764 0.00106473 0.399578 -0.916699 -96.9377 -0.101954 0.911966 0.397396 -2.8702 0.994789 0.0930381 0.0417096 133.798 
765 0.0175634 0.400872 -0.915966 -94.6036 -0.0995448 0.912256 0.39734 -2.57855 0.994878 0.084201 0.0559271 134.446 
766 0.0321549 0.403704 -0.914325 -92.6779 -0.0999544 0.91151 0.398946 -2.43775 0.994472 0.0785627 0.0696615 134.999 
767 0.0463753 0.406391 -0.912521 -90.7049 -0.0972009 0.911005 0.400776 -1.88191 0.994184 0.0701117 0.0817497 135.396 
768 0.0609313 0.408045 -0.910926 -88.6672 -0.0935728 0.910938 0.401791 -1.31518 0.993746 0.0607563 0.0936865 135.887 
769 0.0749967 0.409171 -0.90937 -86.7469 -0.0909265 0.910945 0.402381 -0.906741 0.99303 0.0525086 0.105522 136.104 
770 0.0879486 0.406959 -0.909202 -84.9839 -0.090283 0.912239 0.399585 -1.11722 0.992025 0.0469425 0.116972 136.232 
771 0.0979225 0.402992 -0.90995 -83.6396 -0.0898757 0.914189 0.395197 -1.52189 0.991127 0.0430836 0.125739 136.09 
772 0.103286 0.398737 -0.91123 -82.8555 -0.089073 0.916157 0.390797 -1.89549 0.990655 0.0408021 0.130143 135.342 
773 0.105825 0.396479 -0.911924 -82.5926 -0.0886142 0.917185 0.388483 -2.05946 0.990428 0.039698 0.132195 134.643 
774 0.106484 0.395753 -0.912163 -82.4938 -0.08973 0.91746 0.387577 -2.28381 0.990257 0.0405778 0.133205 133.632 
775 0.107398 0.396578 -0.911697 -82.2968 -0.0907356 0.917084 0.388233 -2.33588 0.990067 0.041028 0.134477 132.514 
776 0.110254 0.397299 -0.911042 -81.9509 -0.0913308 0.916802 0.388758 -2.33613 0.989698 0.0403439 0.137367 131.777 
777 0.114517 0.398136 -0.91015 -81.3686 -0.091628 0.916505 0.389387 -2.29763 0.989187 0.0388037 0.141436 130.998 
778 0.119379 0.397849 -0.909651 -80.7162 -0.0907896 0.916739 0.389034 -2.22783 0.988689 0.0361444 0.14556 130.233 
779 0.123087 0.398056 -0.909066 -80.2014 -0.090388 0.916721 0.38917 -2.1608 0.988271 0.0342668 0.148816 129.322 
780 0.128983 0.397548 -0.908471 -79.3421 -0.0908561 0.917007 0.388384 -2.30188 0.987476 0.032445 0.154398 128.239 
781 0.133421 0.398459 -0.90743 -78.8237 -0.0932335 0.916602 0.388778 -2.50562 0.986664 0.0327319 0.159443 127.732 
782 0.137711 0.400193 -0.906025 -78.2391 -0.0976227 0.91577 0.38966 -2.89262 0.98565 0.0347881 0.16518 126.868 
783 0.142121 0.400249 -0.905319 -77.6362 -0.0996807 0.91574 0.389208 -3.16609 0.984817 0.0349281 0.170043 125.887 
784 0.143998 0.400896 -0.904736 -77.401 -0.100107 0.915475 0.389722 -3.13116 0.984502 0.0344517 0.171959 124.914 
785 0.14347 0.399287 -0.905531 -77.471 -0.0975516 0.916247 0.388556 -2.96481 0.984835 0.03259 0.170405 123.639 
786 0.142817 0.3992 -0.905673 -77.5003 -0.0969751 0.916294 0.388589 -2.89713 0.984987 0.0323305 0.169575 122.094 
787 0.14165 0.399972 -0.905515 -77.6693 -0.099635 0.915854 0.388953 -3.11982 0.98489 0.0351257 0.169582 120.93 
788 0.140692 0.401235 -0.905105 -77.7659 -0.10158 0.915224 0.389931 -3.20476 0.984829 0.0370801 0.169522 119.598 
789 0.140307 0.402419 -0.90464 -77.7217 -0.102593 0.914669 0.390968 -3.19621 0.984779 0.0379544 0.169619 118.046 
790 0.13898 0.402173 -0.904954 -77.9359 -0.103575 0.914714 0.390604 -3.29753 0.984864 0.0394441 0.168782 116.922 
791 0.13829 0.402291 -0.905007 -78.0036 -0.103774 0.914643 0.390717 -3.28169 0.98494 0.0398839 0.168233 115.604 
792 0.137721 0.401847 -0.905291 -78.0632 -0.102481 0.914876 0.390511 -3.14722 0.985155 0.0389933 0.167179 114.291 
793 0.137189 0.401637 -0.905465 -78.1106 -0.100167 0.915047 0.390711 -2.87952 0.985467 0.0370963 0.165765 112.98 
794 0.136949 0.401644 -0.905498 -78.1257 -0.0998912 0.915051 0.390774 -2.82599 0.985529 0.0369351 0.165436 111.693 
795 0.136731 0.400877 -0.905871 -78.1078 -0.10155 0.915314 0.389728 -3.07209 0.985389 0.0387035 0.165861 110.395 
796 0.135872 0.401373 -0.905781 -78.2285 -0.103989 0.914987 0.389853 -3.26256 0.985254 0.0412213 0.16606 109.109 
797 0.135128 0.40034 -0.906349 -78.3067 -0.102243 0.91549 0.389134 -3.14729 0.985539 0.0400849 0.16464 107.838 
798 0.135328 0.400847 -0.906095 -78.1796 -0.0998581 0.915369 0.390035 -2.82441 0.985756 0.0376981 0.163903 106.492 
799 0.134211 0.401096 -0.906151 -78.382 -0.0986896 0.915288 0.390523 -2.63773 0.986026 0.0370151 0.162426 105.336 
800 0.13416 0.399658 -0.906793 -78.3866 -0.100754 0.915825 0.388733 -2.98138 0.985824 0.0392103 0.163134 104.103 
801 0.134057 0.398872 -0.907155 -78.3939 -0.103967 0.916027 0.387409 -3.37552 0.985505 0.0423793 0.164269 102.861 
802 0.133447 0.39742 -0.907882 -78.4556 -0.105912 0.916548 0.385646 -3.69766 0.98538 0.0446922 0.164402 101.574 
803 0.133358 0.39501 -0.908946 -78.4651 -0.104232 0.917642 0.383497 -3.74148 0.985572 0.0435986 0.163548 100.341 
804 0.133756 0.39415 -0.909261 -78.2677 -0.10229 0.918096 0.382932 -3.61439 0.985721 0.0417888 0.163119 98.9286 
805 0.133046 0.393613 -0.909598 -78.4738 -0.102189 0.918313 0.382437 -3.62846 0.985828 0.042069 0.162401 97.8888 
806 0.133145 0.392683 -0.909985 -78.4384 -0.102793 0.918679 0.381395 -3.75909 0.985751 0.0427595 0.162683 96.6611 
807 0.132684 0.393764 -0.909585 -78.4785 -0.104324 0.918149 0.382254 -3.77383 0.985653 0.0441729 0.162903 95.4548 
808 0.133059 0.394529 -0.909199 -78.3137 -0.103584 0.917868 0.383131 -3.60841 0.98568 0.0431993 0.162997 94.154 
810 0.132343 0.398734 -0.907467 -78.4504 -0.101056 0.916177 0.387823 -2.90171 0.986039 0.0403797 0.161544 91.9383 
811 0.133694 0.401009 -0.906266 -78.3015 -0.101797 0.915195 0.389943 -2.72907 0.985781 0.0401221 0.163177 90.8861 
812 0.136526 0.401851 -0.90547 -78.0269 -0.103043 0.914831 0.390469 -2.74917 0.985263 0.0399932 0.166306 89.9356 
813 0.139423 0.40247 -0.904754 -77.7454 -0.104124 0.914571 0.390792 -2.77291 0.984743 0.0397209 0.169419 88.9873 
814 0.14258 0.401365 -0.904752 -77.454 -0.104545 0.915085 0.389474 -2.90841 0.984247 0.0390556 0.172434 88.05 
815 0.145488 0.398984 -0.905343 -77.0148 -0.102808 0.916222 0.387257 -2.98042 0.984004 0.0367354 0.174319 86.932 
816 0.148403 0.398085 -0.905265 -76.9191 -0.101573 0.916696 0.386461 -2.94226 0.983697 0.0345988 0.176475 86.1616 
817 0.150831 0.397971 -0.904914 -76.6917 -0.101412 0.916786 0.386289 -2.92737 0.983344 0.0335048 0.178638 85.1819 
818 0.153232 0.39805 -0.904475 -76.4709 -0.102567 0.916748 0.386075 -3.00327 0.982853 0.0336099 0.181302 84.1962 
819 0.154844 0.398316 -0.904084 -76.3142 -0.10355 0.916624 0.386106 -3.04378 0.982497 0.033832 0.183179 83.1516 
820 0.15636 0.398251 -0.903851 -76.1705 -0.103986 0.916659 0.385905 -3.06813 0.982211 0.0336476 0.184742 82.1016 
821 0.157398 0.398071 -0.903751 -76.0617 -0.104938 0.916718 0.385507 -3.14544 0.981944 0.03416 0.186063 81.0034 
822 0.158627 0.396449 -0.904249 -75.9448 -0.10537 0.917412 0.383736 -3.31815 0.9817 0.0344096 0.1873 79.9351 
823 0.158356 0.395423 -0.904745 -75.7522 -0.105028 0.917854 0.38277 -3.37431 0.98178 0.0344102 0.186878 78.7448 
824 0.157658 0.394304 -0.905355 -75.9776 -0.104273 0.918343 0.381803 -3.38932 0.981973 0.0342102 0.185899 77.5691 
825 0.156214 0.39393 -0.905768 -76.0713 -0.103904 0.918492 0.381544 -3.37113 0.982243 0.0345108 0.184413 76.3291 
826 0.154386 0.394784 -0.90571 -76.113 -0.103926 0.918104 0.382471 -3.2708 0.98253 0.0350783 0.182771 75.0704 
827 0.151642 0.397515 -0.904979 -76.3832 -0.104215 0.916894 0.385286 -2.99304 0.982926 0.0358871 0.180467 73.7526 
828 0.149316 0.400028 -0.904258 -76.5339 -0.103225 0.915819 0.388097 -2.65181 0.983387 0.0353928 0.178039 72.477 
829 0.146483 0.40247 -0.903637 -76.7135 -0.102227 0.914759 0.390852 -2.31604 0.983917 0.0351229 0.17514 71.1729 
830 0.144411 0.404196 -0.903201 -76.8418 -0.103018 0.91395 0.392535 -2.18155 0.984141 0.0363601 0.173624 69.9121 
831 0.142238 0.404454 -0.90343 -76.9846 -0.105064 0.913723 0.39252 -2.2721 0.984241 0.0390872 0.172459 68.6193 
832 0.140231 0.40307 -0.904362 -76.89 -0.105867 0.914255 0.391064 -2.43999 0.984443 0.0409026 0.170878 67.2626 
833 0.137548 0.402139 -0.905188 -77.2841 -0.105881 0.914607 0.390235 -2.48689 0.98482 0.0421659 0.168381 66.0173 
834 0.135917 0.400469 -0.906174 -77.3901 -0.104122 0.91537 0.388916 -2.50049 0.985234 0.0414924 0.166112 64.7796 
835 0.133921 0.399712 -0.906805 -77.5061 -0.101666 0.915761 0.388645 -2.38326 0.985763 0.0401432 0.163277 63.5249 
836 0.132593 0.399164 -0.907241 -77.5802 -0.0987247 0.91609 0.388629 -2.22178 0.986242 0.0380376 0.160875 62.3149 
837 0.131022 0.40006 -0.907075 -77.4854 -0.0968851 0.91575 0.389891 -2.00625 0.986634 0.0367976 0.158744 60.9965 
838 0.130018 0.400002 -0.907245 -77.7112 -0.0965508 0.915771 0.389924 -1.95908 0.986799 0.0368979 0.157687 59.9272 
839 0.129508 0.400744 -0.906991 -77.7248 -0.0985488 0.915367 0.390374 -1.98908 0.986669 0.0388265 0.15804 58.7846 
840 0.129835 0.400253 -0.907161 -77.6898 -0.100984 0.915485 0.389473 -2.15872 0.98638 0.0410421 0.159281 57.6944 
841 0.130426 0.397984 -0.908074 -77.6469 -0.102305 0.916411 0.386944 -2.42653 0.986166 0.0424328 0.160239 56.6214 
842 0.131299 0.394577 -0.909434 -77.5877 -0.103096 0.917836 0.383338 -2.76687 0.985967 0.0434276 0.16119 55.5568 
843 0.13222 0.390329 -0.911132 -77.5228 -0.102376 0.919664 0.379128 -3.09883 0.985919 0.0431493 0.161559 54.4968 
844 0.132847 0.386939 -0.912485 -77.471 -0.101476 0.921118 0.375826 -3.34158 0.985928 0.0426674 0.161633 53.4294 
845 0.133846 0.383614 -0.913743 -77.4027 -0.100405 0.922544 0.372601 -3.57163 0.985903 0.0418729 0.161995 52.3933 
846 0.134322 0.382991 -0.913934 -77.2316 -0.09886 0.92287 0.372206 -3.52782 0.985994 0.0403561 0.161824 51.3407 
847 0.135166 0.381205 -0.914556 -77.3049 -0.0971749 0.923677 0.370645 -3.58899 0.986046 0.0387731 0.161894 50.3151 
848 0.135737 0.382779 -0.913814 -77.2625 -0.0965034 0.923072 0.372323 -3.3952 0.986034 0.0376483 0.162234 49.2934 
849 0.136033 0.386053 -0.912391 -77.2325 -0.101662 0.92153 0.374762 -3.33708 0.985474 0.0417758 0.164606 48.2417 
850 0.13666 0.387685 -0.911606 -77.1843 -0.106919 0.920636 0.375497 -3.42382 0.984831 0.0461525 0.167265 47.1985 
851 0.137365 0.389987 -0.910517 -77.1291 -0.107788 0.919657 0.377641 -3.23787 0.984638 0.0462682 0.168365 46.1905 
852 0.138219 0.392284 -0.9094 -77.0666 -0.103832 0.918893 0.380598 -2.83103 0.984944 0.0418188 0.16774 45.2212 
853 0.138977 0.392787 -0.909067 -77.0161 -0.10022 0.918841 0.381689 -2.6081 0.985211 0.0380604 0.167063 44.2217 
854 0.139467 0.392017 -0.909325 -76.9755 -0.0988113 0.919226 0.381131 -2.59628 0.985284 0.0366963 0.166938 43.1884 
855 0.13985 0.392431 -0.909087 -76.9397 -0.0985814 0.919067 0.381574 -2.52893 0.985253 0.0362561 0.167218 42.1625 
856 0.140006 0.393418 -0.908637 -76.7982 -0.0979345 0.918678 0.382675 -2.38997 0.985295 0.0354098 0.16715 41.2259 
858 0.139502 0.398103 -0.906671 -76.9181 -0.0937137 0.916823 0.388142 -1.75825 0.985777 0.030821 0.165206 39.0277 
859 0.138676 0.399452 -0.906205 -76.8716 -0.0932145 0.916248 0.389615 -1.59508 0.985941 0.0304411 0.164297 38.0068 
860 0.137604 0.401465 -0.905478 -76.9696 -0.0953606 0.915298 0.391327 -1.47756 0.985886 0.0324988 0.164233 36.8038 
861 0.136881 0.402805 -0.904993 -76.988 -0.0993778 0.914567 0.392036 -1.48271 0.98559 0.0362739 0.165217 35.703 
862 0.135632 0.403112 -0.905044 -77.0214 -0.100598 0.914367 0.392189 -1.4725 0.985639 0.0378521 0.16457 34.5679 
863 0.134698 0.40198 -0.905687 -77.0428 -0.0993234 0.914891 0.391293 -1.50552 0.985896 0.0372496 0.16316 33.4511 
864 0.133823 0.399804 -0.906779 -77.0446 -0.0975092 0.915881 0.389427 -1.61701 0.986196 0.036305 0.161551 32.3639 
865 0.132753 0.399039 -0.907273 -77.0816 -0.098123 0.916169 0.388595 -1.68222 0.98628 0.0374372 0.160779 31.2358 
866 0.131916 0.398627 -0.907576 -76.9369 -0.100009 0.916258 0.387904 -1.75215 0.986203 0.0395947 0.160735 30.047 
868 0.129595 0.399885 -0.907357 -77.1492 -0.101105 0.915634 0.389092 -1.62695 0.986399 0.041314 0.159092 27.9216 
869 0.128823 0.400036 -0.9074 -77.1588 -0.100981 0.91556 0.389298 -1.58718 0.986513 0.0414794 0.158341 26.854 
870 0.12789 0.39973 -0.907667 -77.1715 -0.101024 0.915673 0.389021 -1.5925 0.98663 0.0419438 0.157488 25.8008 
871 0.127694 0.397755 -0.908562 -77.0435 -0.102125 0.916465 0.386862 -1.77885 0.986542 0.043387 0.157648 24.695 
873 0.126222 0.396478 -0.909326 -77.181 -0.1029 0.916945 0.385517 -1.85223 0.986651 0.044909 0.156537 22.7175 
874 0.125699 0.395451 -0.909845 -77.1719 -0.104055 0.917316 0.384323 -1.94563 0.986596 0.0463652 0.156455 21.7328 
875 0.12569 0.393852 -0.91054 -77.154 -0.105134 0.917938 0.382539 -2.08518 0.986483 0.0476479 0.156783 20.8032 
876 0.126389 0.394699 -0.910076 -77.1164 -0.105504 0.917578 0.383301 -1.99904 0.986354 0.047572 0.157614 19.9582 
877 0.129023 0.394851 -0.909641 -76.9829 -0.104406 0.917618 0.383505 -1.95776 0.98613 0.0454908 0.159618 19.1732 
879 0.136271 0.392835 -0.909456 -76.8947 -0.103268 0.918651 0.381333 -2.09291 0.985274 0.0419532 0.165753 18.1528 
881 0.145857 0.391049 -0.908739 -76.6874 -0.10115 0.919643 0.379506 -2.20177 0.984121 0.036565 0.173691 17.2694 
883 0.161622 0.394403 -0.904613 -76.386 -0.0984608 0.918535 0.382881 -1.87636 0.981929 0.027187 0.187288 17.002 
885 0.184223 0.395689 -0.899718 -75.9565 -0.0967573 0.91824 0.384023 -1.74449 0.97811 0.0163082 0.207447 17.3379 
887 0.210069 0.396466 -0.893692 -75.4452 -0.0977421 0.918026 0.384286 -1.68944 0.972789 0.006625 0.2316 17.9812 
889 0.241806 0.396203 -0.88575 -74.8036 -0.0998232 0.918153 0.383446 -1.73076 0.965176 -0.00430117 0.261565 19.1728 
891 0.280062 0.389332 -0.877488 -73.9364 -0.0972179 0.920871 0.377552 -2.19131 0.955046 -0.0204306 0.295751 20.9115 
893 0.322155 0.387796 -0.863615 -72.9023 -0.098202 0.921017 0.37694 -2.2134 0.94158 -0.0366242 0.334793 23.0275 
895 0.370975 0.382706 -0.846116 -71.6633 -0.0971695 0.922128 0.374484 -2.40441 0.923545 -0.0567075 0.379274 25.8643 
897 0.429764 0.377227 -0.820367 -69.7329 -0.0925485 0.922168 0.375555 -2.32205 0.898186 -0.085476 0.431226 29.2775 
899 0.501779 0.372944 -0.780468 -67.076 -0.094229 0.920477 0.379266 -1.9934 0.859848 -0.116765 0.497018 33.9352 
901 0.586286 0.36043 -0.725506 -63.3797 -0.0992286 0.920779 0.377254 -2.08822 0.804004 -0.149188 0.575605 39.7696 
903 0.666735 0.335598 -0.665461 -58.7951 -0.0940136 0.923622 0.371597 -2.56659 0.739342 -0.185194 0.647362 44.9415 
905 0.741087 0.320537 -0.589955 -53.665 -0.0975838 0.920773 0.377696 -2.03478 0.66428 -0.222336 0.713652 50.0155 
907 0.806239 0.283227 -0.519385 -48.188 -0.0896046 0.926283 0.366021 -3.01041 0.584765 -0.248561 0.772184 54.2715 
909 0.862774 0.252058 -0.438278 -42.6093 -0.0910103 0.930132 0.355769 -3.79197 0.497331 -0.26706 0.825434 58.8468 
911 0.90888 0.222578 -0.352697 -36.0912 -0.0954295 0.934234 0.343656 -4.62102 0.405992 -0.278684 0.870348 60.9501 
912 0.929216 0.197459 -0.312357 -32.8789 -0.087167 0.938536 0.333995 -5.41281 0.359109 -0.283126 0.889315 62.2858 
914 0.960471 0.16485 -0.224322 -26.6283 -0.0832985 0.939079 0.333456 -5.49093 0.265626 -0.301589 0.915689 64.9012 
916 0.979359 0.138993 -0.146752 -20.9701 -0.0828682 0.938322 0.335686 -5.29838 0.184359 -0.316596 0.930472 65.3174 
918 0.990844 0.105339 -0.08445 -16.1761 -0.0712266 0.93922 0.335845 -5.40034 0.114695 -0.326755 0.938124 65.6264 
919 0.993775 0.0949975 -0.0581919 -14.2616 -0.0701177 0.939277 0.335919 -5.42152 0.0865698 -0.329748 0.940092 66.2871 
921 0.996702 0.0790042 -0.0185268 -11.4188 -0.0682942 0.939985 0.334312 -5.5074 0.043827 -0.331944 0.94228 64.9813 
922 0.997181 0.0750353 -0.000306283 -10.2131 -0.0705964 0.939557 0.335036 -5.42632 0.0254273 -0.334069 0.942205 64.6578 
923 0.997397 0.0708194 0.0135895 -9.25999 -0.0712562 0.93897 0.336537 -5.3086 0.0110732 -0.336629 0.941572 64.2368 
924 0.997528 0.0650563 0.0265573 -8.31769 -0.0702084 0.938343 0.3385 -5.17983 -0.00289833 -0.339528 0.940591 63.881 
925 0.997398 0.0601878 0.0396887 -7.39656 -0.0701101 0.938033 0.33938 -5.12083 -0.0168028 -0.34128 0.939812 63.517 
927 0.996517 0.0516162 0.0654886 -5.5822 -0.070895 0.937913 0.33955 -5.10542 -0.0438963 -0.34301 0.938306 62.5638 
929 0.994766 0.0445846 0.0919339 -3.95191 -0.0734769 0.937385 0.340456 -4.99349 -0.0709984 -0.34543 0.935755 61.1442 
930 0.994039 0.0402382 0.101332 -3.29175 -0.0727543 0.937019 0.341616 -4.92249 -0.0812039 -0.346952 0.934361 60.415 
932 0.992972 0.0337508 0.113431 -2.43568 -0.0711402 0.936198 0.344197 -4.76203 -0.0945774 -0.349848 0.93202 58.9464 
933 0.992478 0.031488 0.118301 -2.11158 -0.0707746 0.936076 0.344605 -4.73759 -0.0998881 -0.350385 0.931264 58.1837 
934 0.992058 0.0313729 0.121806 -1.90758 -0.0718979 0.936033 0.344489 -4.7265 -0.103207 -0.350511 0.930855 57.3902 
935 0.991736 0.0299313 0.124753 -1.70914 -0.0714935 0.936358 0.343689 -4.77113 -0.106527 -0.349768 0.93076 56.5838 
936 0.991339 0.0298238 0.127893 -1.52802 -0.0722941 0.936958 0.341883 -4.86369 -0.109634 -0.348168 0.930999 55.8816 
937 0.991052 0.0311339 0.129796 -1.36368 -0.0739542 0.937594 0.339777 -4.97553 -0.111117 -0.346335 0.931507 54.8003 
939 0.990087 0.0306611 0.137071 -1.05497 -0.0754404 0.939258 0.334817 -5.20674 -0.11848 -0.341839 0.93226 53.4073 
941 0.989102 0.032576 0.14358 -0.75711 -0.0791355 0.939995 0.331883 -5.30694 -0.124154 -0.339628 0.93233 51.7301 
942 0.988616 0.0332083 0.146752 -0.607486 -0.0808226 0.939886 0.331787 -5.28452 -0.126912 -0.339871 0.93187 50.9645 
944 0.987454 0.0316399 0.154702 -0.161624 -0.0821278 0.939687 0.33203 -5.23428 -0.134866 -0.34057 0.930496 49.213 
946 0.98701 0.029531 0.157921 0.0176101 -0.0811383 0.940018 0.331335 -5.24281 -0.138664 -0.339844 0.930203 47.6812 
948 0.986834 0.0273623 0.159406 0.150969 -0.0797131 0.939851 0.332152 -5.18423 -0.140729 -0.340486 0.929658 46.0667 
950 0.986724 0.0279201 0.159989 0.237275 -0.0803676 0.939982 0.331626 -5.18387 -0.141127 -0.340081 0.929746 44.3517 
952 0.986589 0.0277698 0.160843 0.225396 -0.0802224 0.940685 0.329662 -5.23667 -0.142148 -0.338144 0.930297 42.9 
953 0.986542 0.0280662 0.161082 0.238348 -0.0804428 0.940998 0.328714 -5.26234 -0.142352 -0.337248 0.930591 42.1158 
954 0.986595 0.0280812 0.160752 0.235241 -0.0803653 0.940953 0.328859 -5.24071 -0.142026 -0.33737 0.930597 41.3283 
955 0.986698 0.0274356 0.160233 0.235721 -0.0796058 0.940936 0.329094 -5.21974 -0.14174 -0.337472 0.930603 40.545 
956 0.986795 0.0282054 0.1595 0.20458 -0.0801835 0.940662 0.329736 -5.17392 -0.140735 -0.338171 0.930502 39.7779 
957 0.986894 0.0291692 0.158712 0.170838 -0.0808466 0.940564 0.329853 -5.14917 -0.139657 -0.338361 0.930595 39.0079 
959 0.987364 0.0289811 0.155794 0.0774872 -0.0797726 0.94038 0.330638 -5.09366 -0.136923 -0.338889 0.93081 37.508 
960 0.98734 0.0319243 0.155374 0.0655589 -0.0822228 0.940668 0.329215 -5.11942 -0.135646 -0.337822 0.931384 36.5025 
961 0.987308 0.0336305 0.155216 -0.0204617 -0.0835297 0.941189 0.327394 -5.16729 -0.135077 -0.336204 0.932052 36.0158 
962 0.987741 0.0312344 0.152946 -0.0416867 -0.0801789 0.942173 0.325394 -5.24681 -0.133938 -0.333668 0.933127 35.2734 
963 0.987904 0.0320502 0.151716 -0.0880304 -0.0805395 0.942137 0.325408 -5.22466 -0.132508 -0.333692 0.933323 34.5583 
964 0.9878 0.0339963 0.151974 -0.111903 -0.0828158 0.941125 0.327757 -5.10947 -0.131884 -0.336344 0.932459 33.8777 
965 0.98779 0.0344908 0.151924 -0.0732902 -0.0836452 0.940121 0.330417 -5.00207 -0.131431 -0.33909 0.931528 33.0262 
967 0.988455 0.0292747 0.148661 -0.108635 -0.0782431 0.938834 0.335364 -4.83262 -0.129751 -0.343124 0.930285 31.8712 
968 0.988516 0.0290004 0.14831 -0.105345 -0.0779352 0.938666 0.335906 -4.80337 -0.129472 -0.343607 0.930146 31.2112 
969 0.988622 0.0291975 0.147557 -0.119306 -0.0779296 0.938481 0.336423 -4.77395 -0.128657 -0.344095 0.930079 30.5427 
971 0.988807 0.0275896 0.146627 -0.106429 -0.0763828 0.937809 0.338643 -4.68587 -0.128165 -0.346052 0.92942 29.2465 
973 0.988995 0.0249331 0.14583 -0.0698056 -0.0737587 0.937557 0.339922 -4.63562 -0.128248 -0.346938 0.929078 27.9543 
975 0.988785 0.0255511 0.147147 -0.0170958 -0.0745953 0.938051 0.338373 -4.64882 -0.129386 -0.345554 0.929436 26.48 
977 0.988394 0.0258631 0.149697 0.030575 -0.0758365 0.937836 0.338691 -4.60894 -0.131631 -0.346113 0.928913 25.3903 
979 0.987974 0.0253197 0.152535 0.11203 -0.07659 0.937112 0.340522 -4.5353 -0.13432 -0.34811 0.927781 24.1446 
981 0.987472 0.0240068 0.155956 0.212877 -0.0765551 0.937133 0.340471 -4.51263 -0.137978 -0.348145 0.927231 22.8988 
982 0.987121 0.0243553 0.158113 0.256741 -0.0776772 0.936987 0.340619 -4.49232 -0.139854 -0.348514 0.926811 22.2783 
983 0.986733 0.0253487 0.16036 0.295221 -0.079326 0.937079 0.339985 -4.4896 -0.141652 -0.348195 0.926658 21.6533 
984 0.986391 0.0254701 0.162432 0.361696 -0.0800249 0.937385 0.338976 -4.49408 -0.143628 -0.347362 0.926667 20.8666 
986 0.985951 0.0236113 0.165357 0.423337 -0.0790252 0.938095 0.337242 -4.5166 -0.147158 -0.345571 0.926782 19.8105 
988 0.985534 0.0221607 0.168023 0.49457 -0.0783244 0.938744 0.335597 -4.52738 -0.150294 -0.343902 0.9269 18.6263 
990 0.985438 0.0213917 0.168686 0.525303 -0.0778033 0.938837 0.335457 -4.50779 -0.151193 -0.343697 0.92683 17.4789 
992 0.985933 0.0205181 0.165878 0.516845 -0.076044 0.938839 0.335855 -4.47869 -0.148842 -0.343744 0.927193 16.3166 
994 0.986343 0.0214263 0.163306 0.464706 -0.0759947 0.938858 0.335814 -4.45941 -0.146126 -0.343638 0.927664 15.3313 
996 0.986733 0.0227803 0.160748 0.425241 -0.0765488 0.938424 0.336898 -4.41908 -0.143175 -0.344733 0.927718 14.327 
998 0.987139 0.0230659 0.158189 0.453191 -0.0759946 0.938284 0.337412 -4.39575 -0.140643 -0.345094 0.927971 13.2163 
1000 0.98741 0.0239028 0.156365 0.379865 -0.0760463 0.938519 0.336749 -4.3832 -0.138702 -0.3444 0.928521 12.4489 
1002 0.987567 0.0257392 0.155077 0.352463 -0.0771498 0.938885 0.335474 -4.3763 -0.136965 -0.343267 0.929198 11.6015 
1004 0.988017 0.0242921 0.15242 0.347698 -0.0746062 0.939669 0.33385 -4.38137 -0.135115 -0.341221 0.930221 10.8247 
1006 0.988198 0.0256374 0.151022 0.328232 -0.0754777 0.939401 0.334408 -4.3568 -0.133297 -0.34186 0.930249 10.1488 
1008 0.988268 0.0272382 0.150281 0.311403 -0.0768753 0.938948 0.33536 -4.3314 -0.131971 -0.342978 0.930027 9.5524 
1010 0.988423 0.0271494 0.149275 0.306977 -0.0766421 0.93845 0.336805 -4.30383 -0.130943 -0.344346 0.929666 9.0037 
1012 0.988459 0.0280178 0.148878 0.298393 -0.0777725 0.937209 0.339986 -4.26186 -0.130004 -0.347641 0.928571 8.48351 
1015 0.988486 0.0288696 0.148534 0.293755 -0.0783496 0.937443 0.339208 -4.2528 -0.129449 -0.34694 0.928911 7.68993 
1017 0.988442 0.0297892 0.148644 0.292008 -0.0791809 0.937581 0.338633 -4.24536 -0.129278 -0.346489 0.929103 7.17076 
1019 0.988393 0.0297488 0.148974 0.333579 -0.0792213 0.937676 0.338362 -4.23799 -0.129624 -0.346236 0.929149 6.58125 
1022 0.987037 0.0288868 0.157874 0.353135 -0.0815304 0.937541 0.338186 -4.22222 -0.138244 -0.346674 0.927742 5.89468 
1024 0.985121 0.0234628 0.170255 0.453407 -0.0808566 0.937428 0.338662 -4.20879 -0.151656 -0.347389 0.925376 5.38874 
1026 0.983348 0.0155705 0.181062 0.56192 -0.077312 0.93751 0.33926 -4.19804 -0.164465 -0.347609 0.923103 4.8817 
1029 0.980752 0.0114422 0.194923 0.645836 -0.0784561 0.937244 0.339732 -4.18148 -0.178804 -0.348486 0.920102 4.15014 
1036 0.981068 0.00704929 0.193535 0.694914 -0.0739656 0.937218 0.340809 -4.14867 -0.178982 -0.348672 0.919996 2.50448 
1040 0.982939 0.0115193 0.183573 0.667246 -0.0746785 0.937069 0.341063 -4.13048 -0.168092 -0.348953 0.921942 1.59499 
1044 0.985542 0.0176633 0.16851 0.642132 -0.0754963 0.936143 0.343419 -4.11446 -0.151683 -0.351176 0.923941 0.692625 
1047 0.987423 0.0237298 0.156309 0.624992 -0.0770231 0.935611 0.344527 -4.10402 -0.138069 -0.352233 0.925672 -0.0814691 
1050 0.989048 0.0333934 0.143766 0.601927 -0.0812488 0.936378 0.341459 -4.09358 -0.123217 -0.3494 0.928836 -0.97739 
1056 0.991458 0.0470147 0.121658 0.617484 -0.0857128 0.937934 0.336056 -4.05764 -0.0983075 -0.343613 0.933952 -3.01314 
1058 0.991544 0.0513904 0.11916 0.611179 -0.0893299 0.936354 0.339502 -4.0594 -0.0941286 -0.347276 0.933027 -3.73486 
1060 0.992364 0.0480135 0.113613 0.659801 -0.0844336 0.935908 0.341975 -4.05697 -0.0899117 -0.348956 0.932816 -4.50596 
1064 0.992901 0.0706153 0.0957157 0.697281 -0.0993889 0.93462 0.341479 -4.04907 -0.0653442 -0.348567 0.935003 -6.10222 
1066 0.99185 0.0643724 0.109951 0.618038 -0.0989617 0.932774 0.346611 -4.06292 -0.0802476 -0.354667 0.931543 -6.86145 
1068 0.989747 0.040082 0.137091 0.485099 -0.0868148 0.93099 0.354572 -4.1048 -0.113419 -0.362838 0.924924 -7.60416 
1070 0.983719 0.02816 0.177494 0.167458 -0.0907209 0.930381 0.355192 -4.11534 -0.155135 -0.365511 0.917788 -8.35416 
1072 0.975181 0.00540082 0.221344 -0.179683 -0.0834648 0.934917 0.344912 -3.99313 -0.205075 -0.354826 0.912164 -9.14968 
1074 0.963709 -0.0194398 0.266245 -0.568493 -0.0753655 0.936962 0.341207 -3.93117 -0.256095 -0.34889 0.901494 -9.88047 
1076 0.951179 -0.0345966 0.306695 -0.979563 -0.0741454 0.938984 0.335875 -3.85885 -0.299602 -0.342217 0.890576 -10.5808 
1078 0.945145 -0.0518388 0.32251 -1.12932 -0.0619571 0.940954 0.332815 -3.77125 -0.32072 -0.334541 0.886127 -11.2992 
1080 0.946465 -0.0557462 0.317956 -1.05537 -0.0561304 0.94155 0.332163 -3.73403 -0.317888 -0.332228 0.888016 -12.0249 
