44
45
46
47
48
49
50
51
52
53
54
55
56
57
58
59
60
61
62
63
64
65
66
67
68
69
70
71
72
73
74
75
76
77
78
79
80
81
82
83
84
85
86
88
89
90
91
92
94
95
96
97
98
99
100
101
102
103
105
107
109
111
113
115
117
119
121
123
125
127
129
131
133
135
137
138
139
140
142
144
146
148
150
152
154
156
158
160
162
164
166
168
170
172
174
176
178
180
182
184
186
188
189
190
191
192
193
194
195
196
197
199
201
203
205
206
207
208
209
210
212
213
214
216
218
220
222
224
226
227
229
230
231
232
233
234
235
236
237
238
239
240
241
243
245
247
249
251
253
255
256
257
258
259
260
262
263
264
266
268
270
272
274
276
278
280
282
283
285
286
287
288
290
291
292
293
295
296
297
298
299
300
301
302
303
304
306
308
309
310
311
312
313
314
315
316
317
318
319
320
321
322
323
324
325
326
327
328
329
330
331
332
333
334
335
336
337
338
339
340
341
343
345
347
349
350
351
352
354
355
356
357
358
359
360
361
362
363
364
365
366
367
369
370
371
372
374
376
378
380
382
384
386
389
391
394
397
400
402
405
408
411
414
416
418
420
422
424
426
428
430
431
432
433
434
435
436
438
439
440
442
444
446
448
450
452
453
455
457
458
460
462
463
464
465
466
468
470
471
473
475
477
479
481
483
485
487
488
489
490
491
492
494
496
498
500
502
504
506
508
510
512
514
516
518
520
522
524
526
528
530
531
532
533
534
535
536
537
538
539
540
542
543
545
547
549
551
553
555
557
559
561
563
565
566
567
568
569
570
571
572
573
575
576
577
578
579
580
581
582
583
584
586
588
589
590
591
592
593
594
595
596
597
598
599
600
601
602
603
604
605
606
607
608
609
610
611
612
613
615
617
618
619
621
623
624
625
626
627
628
629
630
631
632
633
634
635
636
637
638
639
640
641
642
643
644
646
648
650
652
653
655
656
657
658
659
660
661
662
663
664
665
666
667
668
669
670
672
673
674
675
676
677
678
679
680
681
682
684
685
686
688
690
691
693
695
697
698
699
700
701
702
703
704
705
706
707
708
709
710
711
712
713
714
715
716
717
718
719
721
723
725
727
729
730
732
733
734
735
736
737
738
739
740
741
743
744
746
747
748
749
750
751
752
753
754
755
756
757
759
761
763
765
767
769
771
773
775
777
779
781
783
785
787
789
791
793
795
797
799
801
803
805
807
809
811
813
815
817
818
820
822
824
826
828
830
832
834
836
838
840
842
844
846
847
848
850
852
854
856
857
859
861
863
865
867
869
871
873
875
877
879
881
883
885
887
889
891
893
895
897
899
901
903
904
905
906
908
910
912
914
916
918
920
922
924
926
927
929
931
933
935
936
938
939
940
941
942
943
944
945
946
947
948
949
950
951
952
954
955
956
957
958
959
960
962
964
965
967
968
970
972
974
976
978
980
982
984
986
988
989
991
992
994
996
998
1000
1001
1002
1003
1005
1006
1008
1009
1011
1012
1013
1014
1016
1017
1019
1021
1023
1025
1027
1029
1030
1031
1032
1033
1034
1036
1038
1039
1040
1041
1042
1043
1044
1045
1046
1047
1048
1049
1050
1051
1052
1053
1054
1055
1056
1057
1058
1060
1061
1062
1063
1064
1065
1066
1067
1068
1069
1070
1071
1072
1073
1074
1075
1076
1077
1078
1079
1080
1081
1082
1083
1084
1085
1086
1087
1088
1089
1090
1091
1092
1093
1094
1095
1097
1099
1100
1102
1103
1104
1105
1106
1107
1108
1110
1111
1112
1113
1114
1115
1116
1117
1118
1119
1121
1123
1124
1125
1126
1127
1128
1129
1130
1131
1132
1133
1134
1135
1136
1137
1138
1139
1140
1141
1143
1144
1145
1146
1147
1148
1149
1150
1151
1153
1154
1156
1158
1160
1162
1164
1166
1169
1172
1174
1176
1178
1181
1184
1187
1190
1193
1196
1199
1202
1204
1206
1208
1210
1212
1214
1216
1218
1220
1222
1224
1226
1228
1230
1232
1234
1235
1236
1237
1238
1239
1241
1242
1244
1246
1248
1250
1252
1253
1255
1257
1259
1260
1261
1262
1263
1265
1266
1268
1269
1270
1272
1273
1275
1277
1279
1281
1283
1285
1287
1289
1291
1293
1295
1297
1299
1301
1303
1304
1306
1308
1310
1312
1314
1316
1318
1320
1322
1324
1326
1327
1328
1329
1331
1332
1333
1335
1336
1337
1339
1340
1341
1343
1345
1346
1348
1349
1351
1352
1353
1354
1355
1356
1357
1358
1359
1360
1361
1363
1364
1365
1366
1367
1368
1369
1370
1372
1374
1376
1378
1380
1381
1382
1383
1384
1385
1386
1387
1388
1389
1390
1391
1392
1393
1394
1395
1396
1397
1398
1399
1401
1402
1404
1405
1406
1408
1409
1410
1411
1412
1413
1414
1415
1416
1417
1418
1420
1421
1422
1423
1424
1425
1426
1427
1428
1429
1430
1431
1432
1433
1434
1436
1437
1438
1440
1441
1443
1444
1445
1446
1447
1448
1449
1450
1451
1452
1453
1454
1455
1456
1457
1458
1459
1460
1461
1462
1463
1464
1465
1466
1467
1469
1471
1473
1475
1476
1477
1478
1479
1480
1481
1482
1483
1484
1485
1486
1487
1488
1489
1490
1491
1492
1493
1494
1495
1496
1497
1498
1499
1500
1502
1503
1505
1507
1509
1511
1513
1515
1517
1519
1521
1523
1525
1528
1531
1536
1541
1546
1550
1553
1556
1558
1560
1562
1564
1566
1568
1569
1570
1571
1573
1574
1575
1576
1577
1578
1580
1581
1582
1583
1584
1585
1586
1588
1589
1590
1591
1592
1593
1594
1595
1596
1597
1599
1601
1603
1604
1606
1607
1609
1611
1612
1613
1614
1615
1616
1617
1618
1619
1620
1621
1622
1623
1624
1625
1626
1627
1628
1629
1630
1631
1632
1633
1635
1637
1638
1640
1641
1642
1643
1644
1645
1646
1647
1648
1649
1650
1651
1652
1653
1654
1655
1656
1657
1658
1659
1660
1661
1662
1663
1664
1665
1666
1667
1669
1670
1671
1672
1673
1674
1675
1676
1677
1678
1679
1680
1681
1682
1683
1684
1685
1686
1687
1688
1689
1690
1691
1692
1693
1694
1695
1696
1697
1698
1699
1700
1701
1702
1703
1704
1705
1706
1707
1708
1709
1711
1712
1713
1714
1715
1716
1718
1719
1720
1721
1722
1724
1725
1726
1727
1728
1729
1730
1731
1732
1733
1734
1735
1736
1737
1738
1739
1741
1742
1743
1744
1745
1746
1747
1749
1751
1753
1755
1757
1759
1761
1762
1763
1764
1765
1766
1767
1768
1769
1770
1771
1772
1773
1774
1775
1776
1778
1779
1780
1782
1784
1786
1788
1790
1792
1794
1796
1798
1800
1802
1804
1806
1808
1810
1812
1814
1816
1818
1820
1822
1824
1826
1828
1830
1832
1834
1836
1838
1840
1842
1844
1846
1848
1850
1852
1854
1855
1857
1859
1861
1863
1865
1866
1867
1868
1869
1870
1871
1872
1873
1874
1875
1876
1877
1878
1879
1880
1881
1882
1883
1884
1885
1886
1888
1889
1891
1893
1895
1896
1897
1898
1899
1900
1901
1902
1903
1904
1905
1906
1907
1908
1909
1910
1911
1912
1913
1914
1915
1916
1917
1918
1919
1920
1921
1922
1923
1924
1925
1926
1927
1928
1929
1930
1931
1932
1933
1934
1935
1936
1937
1938
1939
1940
1941
1942
1944
1945
1946
1948
1949
1950
1951
1952
1953
1954
1955
1956
1957
1958
1960
1962
1964
1966
1967
1969
1970
1972
1973
1975
1976
1978
1980
1982
1983
1984
1985
1987
1989
1991
1993
1994
1995
1996
1997
1998
1999
2000
2001
2002
2003
2004
2005
2006
2007
2008
2009
2010
2011
2012
2013
2014
2015
2016
2017
2018
2020
2021
2022
2023
2024
2025
2026
2028
2030
2031
2033
2035
2037
2039
2041
2043
2044
2045
2047
2048
2049
2050
2051
2052
2054
2056
2058
2060
2062
2064
2066
2068
2070
2072
2074
2076
2078
2080
2083
2086
2089
2091
2094
2096
2098
2100
2102
2104
2106
2108
2110
2112
2114
2116
2118
2120
2121
2122
2123
2124
2125
2127
2129
2131
2132
2133
2134
2135
2136
2137
2138
2139
2140
2141
2142
2143
2144
2145
2146
2147
2148
2149
2150
2151
2152
2153
2154
2155
2156
2157
2158
2159
2160
2161
2162
2163
2164
2165
2166
2167
2168
2169
2170
2172
2173
2174
2175
2176
2177
2178
2179
2180
2181
2182
2183
2184
2185
2186
2187
2188
2189
2190
2191
2192
2193
2194
2195
2196
2197
2198
2199
2200
2201
2202
2204
2205
2206
2207
2208
2209
2210
2211
2212
2213
2215
2216
2217
2218
2219
2220
2221
2222
2223
2224
2225
2226
2227
2228
2229
2230
2231
2232
2234
2235
2236
2237
2238
2239
2240
2241
2242
2243
2244
2245
2246
2247
2248
2249
2250
2251
2252
2253
2254
2255
2256
2257
2258
2259
2260
2261
2262
2263
2264
2265
2266
2267
2268
2269
2270
2271
2272
2273
2274
2275
2276
2277
2278
2279
2280
2281
2282
2283
2284
2285
2286
2287
2289
2291
2293
2295
2297
2299
2301
2303
2305
2307
2310
2313
2317
2320
2324
2402
2405
2408
2410
2412
2414
2416
2418
2420
2422
2424
2426
2428
2430
2431
2432
2433
2435
2436
2437
2439
2440
2442
2443
2444
2445
2446
2447
2448
2449
2450
2451
2452
2453
2454
2455
2456
2457
2458
2459
2460
2461
2462
2463
2464
2465
2466
2467
2468
2469
2470
2471
2472
2473
2474
2476
2477
2478
2479
2480
2481
2482
2483
2484
2485
2486
2487
2488
2490
2491
2492
2493
2494
2495
2496
2497
2498
2499
2500
2501
2502
2503
2504
2505
2506
2507
2509
2510
2511
2512
2513
2514
2515
2516
2517
2518
2519
2520
2521
2522
2523
2524
2525
2526
2527
2528
2529
2530
2531
2533
2534
2535
2536
2537
2538
2539
2540
2541
2542
2543
2544
2545
2546
2547
2548
2549
2550
2551
2552
2553
2554
2555
2556
2557
2558
2560
2562
2563
2565
2566
2567
2568
2569
2570
2571
2572
2573
2574
2575
2576
2577
2578
2580
2581
2582
2583
2584
2586
2588
2590
2591
2592
2593
2594
2595
2596
2597
2598
2599
2600
2601
2602
2603
2604
2605
2606
2607
2608
2609
2610
2611
2612
2613
2614
2615
2616
2617
2618
2619
2621
2622
2623
2624
2625
2626
2627
2628
2629
2630
2631
2632
2633
2634
2635
2636
2637
2638
2639
2640
2641
2642
2643
2644
2645
2646
2647
2648
2649
2650
2651
2652
2653
2654
2655
2656
2657
2658
2659
2660
2661
2662
2663
2664
2665
2666
2667
2668
2670
2671
2672
2673
2674
2675
2676
2677
2678
2679
2680
2681
2682
2683
2684
2685
2687
2688
2689
2690
2691
2692
2693
2694
2695
2696
2697
2698
2699
2700
2701
2702
2703
2704
2705
2706
2707
2708
2709
2711
2712
2713
2714
2715
2716
2717
2718
2719
2721
2722
2723
2724
2725
2726
2727
2728
2730
2731
2732
2733
2734
2736
2737
2738
2739
2740
2742
2744
2746
2747
2748
2749
2750
2751
2752
2753
2754
2755
2756
2757
