77
79
81
83
85
88
91
94
97
100
103
106
109
112
116
120
123
125
128
130
132
134
136
139
142
144
146
148
150
151
153
155
157
159
161
163
166
168
170
173
175
178
180
182
184
186
188
190
192
194
196
198
200
202
204
206
208
210
212
214
217
219
221
223
225
227
229
231
233
235
237
239
241
244
247
249
251
253
255
257
260
263
266
269
272
275
278
281
283
285
287
290
292
295
298
300
302
305
307
310
313
316
318
320
322
324
326
329
332
335
338
340
342
344
346
348
350
352
354
356
358
359
361
363
365
366
368
370
372
374
376
378
380
382
384
386
388
391
393
395
397
399
401
403
405
407
409
411
413
415
417
419
421
423
425
427
429
431
433
435
437
439
441
442
444
446
447
449
451
453
456
458
460
462
464
466
468
470
472
474
476
478
480
482
484
486
488
490
492
494
496
498
500
502
504
506
508
510
512
514
516
518
520
522
524
526
528
530
532
534
537
539
541
543
544
546
547
549
551
553
555
557
559
561
562
564
566
568
570
572
574
576
578
580
582
585
587
589
591
593
595
597
599
601
603
605
607
609
611
613
615
617
619
621
623
625
627
629
631
633
635
637
639
641
643
645
647
649
651
653
655
657
659
661
663
665
667
669
671
673
675
677
679
681
683
685
687
689
691
693
695
697
699
701
702
703
705
707
709
711
713
715
717
719
720
722
725
729
733
736
739
742
745
747
749
751
753
755
757
759
761
763
765
767
769
771
773
775
777
779
781
784
786
788
790
792
794
796
798
800
803
806
808
810
812
814
816
818
820
822
824
826
828
830
833
836
839
841
843
845
847
849
853
857
861
865
869
874
879
884
888
892
896
900
903
905
907
911
913
915
918
921
924
927
929
931
933
935
937
939
942
945
947
949
951
953
956
959
962
965
968
971
973
976
978
980
982
984
986
988
990
992
994
997
1000
1002
1004
1006
1009
1011
1013
1015
1018
1020
1022
1024
1026
1028
1030
1032
1033
1035
1037
1039
1041
1043
1045
1047
1049
1051
1053
1055
1057
1059
1061
1063
1065
1068
1071
1073
1075
1077
1079
1081
1083
1085
1087
1090
1093
1096
1099
1102
1106
1109
1112
1116
1120
1122
1124
1127
1130
1133
1135
1137
1139
1141
1144
1148
1151
1153
1156
1159
1161
1163
1165
1167
1170
1172
1175
1177
1179
1181
1183
1185
1187
1189
1191
1193
1195
1197
1199
1201
1203
1205
1208
1211
1213
1216
1219
1222
1225
1228
1231
1233
1235
1237
1239
1241
1243
1245
1247
1249
1251
1253
1255
1257
1259
1261
1262
1264
1266
1268
1270
1272
1275
1278
1281
1284
1285
1287
1289
1291
1293
1295
1297
1299
1301
1304
1306
1309
1312
1315
1318
1321
1324
1326
1328
1330
1332
1335
1338
1341
1344
1347
1349
1351
1354
1356
1358
1360
1362
1365
1368
1370
1372
1375
1378
1380
1382
1385
1387
1390
1392
1396
1399
1402
1405
1409
1413
1417
1421
1426
1431
1437
1445
1457
1470
1487
1492
1498
1500
1511
1516
1521
1525
1529
1534
1540
1555
1560
1564
1568
1570
1572
1575
1578
1580
1581
1583
1585
1586
1588
1590
1592
1594
1595
1597
1599
1601
1603
1604
1606
1608
1610
1613
1616
1619
1622
1625
1629
1633
1636
1640
1644
1648
1652
1655
1658
1660
1662
1664
1667
1670
1673
1674
1677
1680
1683
1686
1688
1690
1693
1694
1696
1699
1701
1704
1707
1709
1712
1715
1718
1720
1724
1726
1729
1732
1735
1738
1741
1744
1747
1750
1753
1756
1759
1762
1765
1768
1771
1774
1777
1780
1783
1785
1788
1791
1793
1795
1798
1801
1803
1806
1809
1812
1815
1818
1821
1824
1827
1830
1832
1834
1836
1838
1840
1844
1846
1849
1850
1853
1855
1856
1858
1860
1862
1865
1868
1870
1872
1874
1876
1877
1879
1881
1883
1884
1886
1888
1890
1892
1894
1896
1898
1900
1902
1904
1906
1908
1910
1912
1915
1918
1921
1923
1925
1927
1929
1932
1934
1937
1940
1943
1946
1949
1952
1956
1959
1963
1967
1972
1977
1981
1985
1989
1992
1995
1997
1999
2001
2003
2004
2007
2010
2012
2015
2018
2021
2024
2027
2031
2034
2037
2039
2041
2044
2046
2048
2050
2053
2056
2059
2061
2063
2065
2068
2072
2075
2077
2080
2083
2086
2088
2090
2093
2096
2099
2102
2105
2108
2110
2112
2114
2117
2120
2122
2125
2128
2130
2132
2134
2136
2137
2140
2143
2145
2147
2149
2151
2153
2155
2157
2159
2160
2162
2164
2166
2167
2169
2171
2173
2176
2179
2182
2185
2188
2191
2194
2197
2200
2203
2206
2209
2212
2215
2219
2222
2225
2227
2229
2232
2235
2238
2241
2244
2248
2251
2254
2258
2261
2264
2267
2270
2273
2276
2279
2282
2285
2288
2291
2293
2295
2298
2299
2301
2303
2305
2308
2310
2313
2316
2319
2321
2324
2327
2330
2333
2336
2338
2340
2342
2345
2347
2349
2351
2353
2354
2357
2360
2362
2365
2367
2370
2373
2376
2379
2382
2386
2390
2394
2397
2400
2403
2406
2409
2412
2415
2418
2421
2424
2427
2430
2433
2436
2439
2442
2445
2448
2451
2453
2455
2458
2461
2464
2467
2470
2473
2477
2480
2482
2485
2487
2490
2493
2495
2498
2500
2502
2505
2508
2511
2514
2517
2520
2523
2525
2527
2529
2531
2533
2538
2544
2550
2557
2566
2581
2590
2599
2607
2612
2616
2619
2622
2625
2627
2629
2631
2633
2635
2637
2639
2641
2643
2645
2647
2649
2651
2653
2655
2657
2659
2661
2663
2665
2667
2669
2671
2673
2675
2677
2679
2682
2685
2688
2690
2692
2694
2696
2698
2700
2702
2704
2706
2708
2710
2712
2714
2717
2719
2721
2723
2725
2727
2729
2731
2733
2735
2737
2739
2741
2743
2745
2747
2749
2751
2753
2755
2757
2759
2761
2763
2765
2767
2769
2771
2773
2775
2777
2779
2781
2783
2785
2787
2789
2791
2793
2795
2797
2799
2801
2803
2805
2807
2809
2811
2813
2815
2817
2819
2821
2823
2825
2827
2829
2831
2833
2835
2837
2839
2841
2843
2845
2847
2849
2851
2853
2855
2856
2858
2859
2861
2862
2864
2865
2867
2868
2870
2872
2874
2876
2878
2879
2881
2882
2883
2885
2886
2888
2889
2891
2892
2894
2895
2897
2898
2900
2901
2903
2905
2907
2908
2910
2912
2914
2916
2918
2920
2922
2924
2926
2929
2931
2933
2935
2937
2939
2941
2944
2946
2948
2950
2952
2955
2958
2961
2963
2966
2968
2971
2974
2977
2980
2983
2985
2988
2991
2994
2997
3000
3003
3005
3007
3011
3014
3017
3021
3025
3029
3033
3037
3041
3045
3048
3051
3054
3057
3060
3063
3066
3069
3072
3075
3078
3081
3084
3087
3090
3093
3096
3099
3102
3105
3107
3110
3113
3116
3119
3121
3124
3127
3130
3134
3137
3140
3142
3146
3149
3152
3154
3157
3160
3163
3166
3169
3173
3177
3181
3185
3189
3194
3200
3206
3212
3216
3220
3224
3228
3232
3236
3239
3243
3247
3251
3254
3258
3261
3265
3269
3272
3275
3278
3282
3285
3288
3292
3296
3299
3301
3303
3305
3307
3310
3312
3315
3317
3320
3323
3326
3329
3332
3336
3340
3344
3348
3351
3355
3358
3361
3364
3367
3370
3372
3374
3376
3378
3380
3383
3386
3388
3392
3395
3397
3399
3401
3403
3405
3409
3413
3417
3421
3425
3429
3433
3436
3439
3442
3445
3448
3451
3454
3457
3460
3463
3466
3468
3471
3474
3476
3478
3480
3483
3486
3489
3491
3493
3495
3497
3499
3501
3504
3506
3508
3511
3514
3518
3521
3523
3525
3528
3531
3534
3538
3542
3545
3548
3551
3554
3557
3560
3564
3567
3570
3573
3576
3579
3582
3585
3588
3591
3594
3597
3600
3604
3607
3610
3613
3616
3620
3624
3629
3635
3638
3642
3646
3649
3653
3656
3658
3662
3666
3672
3678
3686
3693
3700
3706
3713
3720
3725
3729
3733
3736
3739
3742
3745
3748
3751
3754
3757
3760
3763
3766
3769
3772
3775
3778
3781
3784
3787
3790
3793
3795
3797
3799
3801
3803
3806
3809
3812
3814
3816
3818
3821
3824
3827
3830
3833
3835
3837
3839
3842
3845
3848
3851
3855
3860
3864
3868
3872
3876
3880
3884
3888
3892
3896
3899
3902
3905
3908
3912
3915
3918
3921
3924
3926
3929
3931
3934
3936
3938
3940
3942
3944
3947
3949
3952
3954
3956
3959
3962
3964
3967
3969
3972
3974
3977
3980
3983
3986
3988
3990
3993
3995
3997
3999
4001
4003
4005
4007
4009
4012
4015
4018
4021
4024
4027
4029
4031
4034
4036
4039
4042
4044
4046
4049
4052
4055
4058
4061
4064
4068
4071
4074
4077
4080
4083
4086
4090
4094
4098
4102
4106
4110
4114
4117
4120
4123
4126
4129
4132
4135
4138
4141
4144
4147
4150
4154
4158
4162
4166
4170
4174
4178
4181
4184
4187
4190
4193
4196
4199
4203
4206
4210
4214
4217
4220
4222
4224
4226
4229
4232
4236
4239
4242
4245
4248
4251
4254
4257
4260
4263
4266
4269
4272
4274
4276
4278
4280
4282
4284
4286
4288
4291
4293
4295
4298
4301
4304
4306
4309
4311
4313
4315
4317
4319
4322
4325
4327
4329
4331
4333
4334
4336
4337
4339
4341
4343
4345
4348
4351
4353
4355
4358
4361
4363
4365
4368
4371
4373
4375
4378
4381
4384
4387
4390
4393
4395
4399
4402
4406
4409
4412
4415
4418
4421
4424
4426
4429
4431
4433
4435
4437
4439
4441
4443
4445
4446
4448
4450
4452
4455
4458
4461
4464
4467
4470
4473
4475
4477
4479
4481
4483
4485
4487
4490
4493
4496
4498
4500
4502
4504
4506
4509
4512
4515
4518
4520
4522
4524
4526
4528
4530
4532
4534
4536
4538
4540
4542
4544
4546
4548
4550
4552
4554
4556
4558
4560
4562
4564
4565
4566
4568
4570
4572
4574
4576
4578
4580
4582
4584
4586
4588
4590
4592
4594
4596
4598
4600
4602
4604
4606
4608
4610
4612
4614
4616
4618
4620
4622
4624
4626
4628
4630
4632
4634
4636
4638
4640
4642
4644
4646
4648
4650
4652
4654
4656
4658
4660
4662
4664
4666
4668
4670
4672
4674
4676
4678
4680
4682
4684
4685
4687
4689
4690
4692
4694
4696
4698
4700
4702
4704
4706
4708
4710
4712
4714
4716
4718
4720
4722
4724
4726
4728
4730
4732
4733
4735
4737
4739
4741
4743
4745
4747
4749
4751
4753
4755
4757
4759
4761
4763
4764
4766
4768
4770
4772
4774
4776
4778
4780
4782
4784
4786
4788
4790
4793
4796
4799
4802
4805
4807
4809
4811
4813
4816
4819
4822
4824
4826
4828
4830
4832
4834
4836
4838
4840
4842
4844
4846
4848
4850
4852
4854
4856
4858
4860
4862
4864
4866
4868
4870
4872
4875
4877
4880
4883
4886
4889
4891
4893
4895
4897
4898
4900
4902
4904
4906
4908
4910
4913
4916
4919
4922
4925
4927
4930
4933
4936
4939
4942
4945
4948
4950
4952
4954
4956
4958
4960
4963
4966
4969
4973
4977
4981
4985
4989
4993
4998
5002
5007
5012
5017
5030
5038
5046
5121
5137
5140
5143
5148
5152
5156
5160
5164
5168
5176
5182
5188
5193
5197
5204
5206
5219
5223
5227
5244
5249
5253
5257
5261
5266
5270
5352
5354
5356
5358
5360
5362
5363
5366
5368
5370
5372
5374
5376
5379
5382
5385
5388
5391
5394
5397
5399
5402
5405
5408
5411
5414
5417
5420
5423
5426
5429
5432
5435
5438
5441
5444
5447
5450
5453
5456
5459
5462
5465
5467
5470
5473
5476
5479
5481
5483
5485
5488
5491
5494
5497
5500
5503
5506
5509
5512
5515
5518
5521
5524
5527
5530
5533
5536
5539
5542
5545
5547
5549
5551
5553
5554
5556
5558
5560
5562
5564
5565
5567
5569
5570
5572
5574
5576
5578
5580
5582
5584
5586
5588
5590
5592
5594
5596
5599
5602
5605
5608
5611
5614
5616
5618
5620
5622
5624
5627
5629
5631
5633
5635
5637
5639
5641
5643
5645
5647
5649
5651
5653
5655
5657
5659
5661
5663
5665
5667
5669
5671
5673
5675
5677
5679
5681
5684
5686
5689
5691
5693
5695
5697
5699
5700
5702
5704
5706
5708
5709
5711
5712
5714
5716
5717
5719
5721
5723
5725
5727
5729
5731
5733
5735
5737
5739
5741
5743
5745
5747
5749
5751
5753
5755
5757
5759
5761
5763
5765
5767
5769
5771
5773
5775
5777
5779
5781
5783
5785
5787
5789
5791
5793
5795
5797
5799
5801
5803
5805
5807
5809
5811
5813
5815
5817
5819
5821
5823
5825
5827
5829
5831
5833
5835
5837
5839
5841
5843
5845
5847
5849
5851
5853
5855
5857
5859
5861
5863
5865
5867
5869
5871
5873
5875
5877
5879
5881
5883
5885
5887
5890
5892
5894
5896
5898
5900
5902
5904
5906
5908
5910
5913
5916
5918
5920
5922
5924
5926
5928
5930
5932
5934
5936
5938
5940
5942
5944
5946
5948
5950
5952
5954
5957
5959
5962
5965
5968
5970
5972
5974
5976
5978
5980
5982
5984
5986
5988
5989
5991
5993
5995
5997
5999
6001
6003
6005
6007
6009
6011
6013
6015
6017
6019
6022
6025
6028
6031
6035
6039
6043
6048
6053
6058
6063
6067
6071
6074
6077
6080
6083
6085
6088
6090
6092
6094
6096
6097
6099
6100
6102
6104
6106
6108
6111
6113
6116
6119
6122
6125
6127
6129
6132
6135
6137
6139
6142
6145
6146
6149
6151
6153
6155
6158
6160
6163
6165
6167
6169
6171
6174
6177
6180
6182
6184
6187
6189
6191
6194
6196
6198
6200
6202
6204
6206
6208
6209
6211
6213
6215
6216
6218
6220
6222
6224
6226
6228
6230
6233
6236
6239
6241
6243
6245
6247
6249
6251
6253
6256
6259
6261
6263
6265
6268
6271
6274
6277
6280
6283
6285
6287
6289
6291
6294
6297
6300
6303
6305
6308
6311
6314
6317
6320
6323
6326
6328
6330
6333
6335
6336
6339
6342
6345
6348
6351
6354
6357
6361
6365
6369
6374
6381
6391
6404
6410
6422
6425
6431
6434
6437
6441
6445
6449
6453
6456
6459
6462
6465
6468
6471
6474
6477
6480
6483
6486
6489
6492
6495
6497
6500
6502
6504
6507
6509
6511
6514
6517
6520
6523
6525
6527
6530
6532
6535
6538
6542
6546
6549
6552
6555
6559
6563
6564
6566
6568
6570
6573
6579
6587
6596
6603
6608
6613
6616
6619
6621
6624
6627
6630
6632
6634
6638
6641
6644
6648
6652
6655
6659
6662
6666
6669
6672
6675
6678
6680
6682
6684
6686
6689
6690
6692
6695
6696
6698
6701
6704
6707
6710
6714
6717
6720
6723
6726
6729
6733
6737
6741
6744
6747
6749
6753
6757
6760
6763
6766
6769
6771
6773
6776
6780
6784
6787
6790
6793
6796
6798
6800
6802
6804
6806
6809
6812
6815
6817
6819
6822
6825
6828
6831
6834
6837
6840
6843
6845
6847
6849
6851
6853
6855
6857
6859
6861
6863
6866
6869
6872
6875
6878
6881
6884
6887
6890
6893
6896
6900
6904
6908
6912
6916
6920
6925
6931
7037
7049
7054
7058
7062
7065
7068
7071
7074
7077
7080
7083
7086
7089
7092
7096
7099
7102
7105
7107
7109
7111
7114
7117
7120
7123
7126
7129
7132
7135
7138
7141
7144
7147
7150
7153
7156
7159
7162
7165
7167
7170
7173
7176
7178
7180
7183
7186
7188
7190
7192
7195
7197
7199
7202
7204
7207
7209
7211
7213
7216
7218
7221
7224
7227
7230
7233
7237
7240
7243
7246
7249
7251
7253
7256
7258
7261
7264
7267
7271
7274
7278
7282
7286
7289
7292
7295
7298
7301
7304
7307
7310
7313
7316
7318
7320
7322
7324
7326
7328
7330
7332
7335
7338
7342
7345
7349
7354
7359
7459
7463
7467
7474
7479
7483
7488
7492
7497
7504
7798
7804
7809
7814
7818
7821
7830
7842
7848
7855
7861
7865
7873
7878
7881
7892
7898
7903
7906
7918
7928
7931
7936
7941
7946
7950
7955
8294
8296
8300
8310
8319
8326
8330
8334
8338
8342
8345
8349
8352
8356
8358
8360
8362
8367
8370
