87
90
93
96
98
101
103
106
109
111
113
115
118
120
122
125
128
131
134
137
140
143
146
149
152
155
158
161
164
167
170
173
176
178
180
182
184
186
188
190
192
194
196
198
200
202
205
208
211
214
217
220
223
226
229
232
235
237
239
241
243
245
248
250
252
254
256
258
260
262
264
266
268
270
272
274
276
278
280
281
284
285
287
289
292
294
296
297
299
301
303
304
306
308
309
311
313
315
318
320
321
324
326
329
332
335
338
341
344
347
349
351
353
355
357
359
361
363
365
367
368
370
372
374
376
378
380
382
384
387
389
390
392
394
396
399
401
404
406
408
410
412
415
417
420
422
423
426
429
432
434
436
438
440
442
444
446
448
450
452
454
456
459
462
465
468
471
474
476
478
480
482
484
486
488
490
492
494
496
498
500
502
504
506
508
510
512
514
516
518
520
522
524
526
528
530
532
534
536
538
539
541
543
545
547
549
551
553
555
557
559
561
563
565
567
569
571
573
575
577
579
581
583
585
587
589
591
593
595
598
601
604
607
610
613
616
620
623
626
629
632
636
639
642
646
650
655
659
663
668
672
676
680
685
689
692
697
701
706
711
716
721
726
731
736
742
747
754
759
765
772
780
786
792
800
806
811
815
819
823
827
831
834
839
843
846
849
852
855
858
861
863
866
869
871
873
876
879
882
885
888
891
894
896
898
901
904
907
910
912
915
918
920
922
925
928
930
932
934
936
938
940
942
944
946
948
950
952
954
956
958
960
963
965
967
969
971
974
976
978
980
982
984
986
989
991
993
995
997
999
1001
1003
1005
1007
1009
1011
1013
1015
1017
1019
1021
1023
1025
1027
1029
1031
1033
1035
1037
1039
1041
1043
1045
1047
1049
1051
1053
1055
1057
1059
1061
1063
1065
1067
1069
1071
1073
1075
1077
1079
1081
1083
1085
1088
1090
1092
1094
1096
1098
1100
1102
1104
1106
1108
1110
1113
1116
1119
1121
1123
1125
1127
1129
1131
1133
1135
1137
1139
1141
1143
1145
1147
1149
1151
1153
1155
1157
1159
1162
1164
1167
1170
1173
1176
1179
1182
1185
1188
1191
1194
1197
1201
1205
1209
1213
1216
1220
1224
1228
1233
1238
1243
1248
1253
1258
1263
1267
1271
1275
1279
1282
1285
1288
1291
1294
1297
1299
1302
1304
1305
1306
1308
1310
1312
1315
1318
1321
1324
1327
1330
1333
1336
1339
1342
1346
1351
1356
1361
1366
1371
1376
1382
1388
1395
1403
1411
1421
1437
1556
1558
1564
1568
1570
1581
1589
1603
1608
1612
1617
1623
1631
1640
1644
1795
1846
1875
1878
1887
1892
1895
1898
1901
1904
1909
1919
1927
1932
1941
1949
1954
2082
2085
2088
2091
2094
2097
2099
2103
2107
2111
2114
2116
2120
2123
2126
2130
2133
2137
2141
2145
2149
2152
2155
2158
2162
2166
2170
2174
2179
2184
2189
2194
2198
2202
2206
2209
2212
2215
2218
2221
2223
2225
2227
2229
2231
2233
2235
2237
2239
2241
2243
2245
2247
2249
2252
2255
2258
2260
2262
2265
2267
2270
2273
2276
2279
2283
2287
2291
2295
2298
2302
2306
2309
2312
2315
2318
2321
2324
2327
2330
2333
2336
2339
2342
2344
2346
2348
2351
2354
2357
2360
2362
2365
2367
2369
2371
2373
2375
2377
2379
2382
2385
2388
2391
2394
2397
2400
2403
2406
2409
2412
2415
2418
2421
2424
2427
2431
2434
2437
2440
2444
2447
2450
2453
2455
2456
2457
2459
2461
2463
2465
2467
2469
2471
2473
2475
2477
2479
2481
2483
2485
2487
2489
2491
2493
2495
2497
2499
2501
2503
2505
2508
2511
2514
2517
2520
2523
2526
2528
2530
2532
2534
2536
2538
2540
2542
2544
2546
2548
2550
2552
2554
2556
2558
2560
2562
2563
2565
2567
2569
2571
2573
2575
2577
2579
2581
2583
2585
2587
2589
2591
2593
2595
2597
2599
2601
2603
2605
2607
2609
2611
2613
2615
2617
2619
2621
2623
2625
2627
2629
2631
2633
2635
2637
2639
2641
2643
2645
2647
2650
2653
2656
2658
2660
2662
2664
2666
2668
2670
2673
2675
2677
2679
2681
2683
2685
2688
2691
2694
2697
2700
2703
2706
2709
2712
2714
2716
2718
2720
2722
2724
2726
2728
2730
2732
2734
2736
2738
2740
2742
2744
2746
2748
2751
2754
2757
2760
2763
2766
2769
2772
2775
2778
2781
2784
2787
2791
2794
2798
2802
2806
2810
2814
2818
2822
2826
2829
2832
2835
2838
2841
2844
2847
2850
2853
2857
2862
2866
2870
2874
2878
2883
2889
2895
2899
2903
2908
2911
2915
2921
2928
2934
2939
2943
2947
2950
2953
2956
2959
2962
2965
2968
2971
2974
2977
2980
2983
2986
2989
2992
2994
2996
2998
3001
3003
3006
3009
3011
3014
3017
3020
3023
3026
3029
3032
3035
3038
3041
3044
3047
3050
3052
3055
3058
3061
3064
3066
3070
3072
3075
3078
3080
3082
3084
3085
3088
3091
3094
3097
3100
3103
3105
3107
3109
3112
3114
3116
3118
3121
3124
3127
3129
3132
3134
3136
3138
3140
3142
3144
3146
3148
3150
3152
3154
3157
3159
3161
3162
3165
3168
3170
3174
3177
3181
3185
3189
3194
3200
3206
3214
3227
3234
3238
3242
3245
3248
3252
3257
3262
3265
3268
3271
3274
3277
3280
3282
3286
3289
3292
3294
3298
3301
3304
3307
3310
3312
3314
3316
3318
3319
3322
3324
3325
3328
3331
3334
3337
3340
3343
3344
3347
3350
3353
3356
3358
3362
3364
3367
3369
3371
3373
3375
3376
3378
3380
3381
3383
3385
3387
3389
3391
3393
3395
3397
3399
3401
3403
3405
3407
3409
3411
3413
3415
3417
3420
3422
3424
3427
3430
3433
3436
3439
3442
3445
3448
3452
3455
3458
3461
3464
3467
3470
3473
3476
3479
3482
3485
3488
3491
3494
3497
3500
3503
3505
3507
3509
3511
3512
3514
3516
3519
3522
3524
3526
3528
3530
3532
3534
3537
3539
3541
3543
3545
3548
3550
3552
3555
3558
3561
3564
3567
3570
3573
3576
3579
3582
3585
3588
3592
3595
3598
3601
3604
3607
3610
3613
3616
3619
3622
3625
3628
3631
3634
3637
3640
3643
3646
3649
3652
3655
3658
3662
3666
3669
3672
3675
3678
3682
3686
3690
3693
3696
3699
3702
3705
3708
3711
3714
3718
3722
3726
3730
3733
3734
3735
3739
3742
3747
3753
3758
3763
3768
3774
3780
3787
3864
3875
3882
3888
3892
3896
3899
3902
3905
3907
3909
3911
3913
3914
3916
3918
3920
3922
3924
3926
3928
3930
3932
3933
3935
3937
3939
3941
3943
3945
3947
3950
3953
3955
3958
3960
3963
3966
3969
3972
3975
3978
3981
3984
3987
3990
3993
3996
3999
4002
4005
4008
4010
4012
4015
4017
4019
4021
4024
4027
4029
4031
4033
4035
4037
4039
4041
4043
4045
4047
4049
4051
4053
4055
4057
4059
4061
4063
4065
4067
4070
4072
4074
4076
4078
4080
4082
4084
4086
4088
4090
4092
4094
4096
4098
4100
4102
4104
4106
4108
4110
4112
4114
4116
4118
4120
4122
4124
4126
4128
4130
4132
4134
4136
4138
4140
4142
4144
4146
4148
4150
4152
4154
4156
4158
4160
4162
4164
4166
4168
4170
4172
4174
4176
4178
4180
4182
4184
4186
4188
4191
4193
4195
4197
4199
4201
4203
4205
4207
4209
4211
4213
4215
4218
4220
4223
4226
4228
4230
4232
4234
4236
4238
4240
4242
4245
4248
4251
4254
4257
4259
4262
4265
4268
4271
4275
4278
4281
4285
4289
4293
4297
4301
4305
4309
4313
4317
4321
4325
4329
4333
4336
4339
4342
4346
4350
4354
4358
4362
4366
4369
4372
4375
4378
4381
4384
4387
4391
4394
4397
4400
4403
4405
4406
4409
4412
4415
4418
4421
4424
4427
4431
4435
4439
4443
4447
4451
4456
4461
4467
4473
4478
4484
4490
4496
4503
4510
4517
4524
4536
4544
4697
4711
4718
4724
4729
4734
4739
4743
4748
4752
4756
4760
4764
4768
4772
4776
4780
4784
4788
4791
4796
4801
4807
4813
4818
4824
4829
4834
4839
4845
4851
4857
4863
4867
4874
4880
4885
4890
4895
4900
4906
4911
4916
4921
4925
4929
4933
4937
4941
4944
4948
4952
4956
4960
4964
4967
4971
4975
4979
4983
4987
4993
4998
5004
5010
5015
5020
5024
5028
5032
5037
5042
5047
5051
5055
5059
5062
5065
5069
5073
5077
5080
5083
5086
5088
5092
5095
5098
5101
5104
5106
5108
5110
5112
5115
5118
5121
5124
5127
5130
5133
5137
5141
5145
5149
5153
5157
5162
5167
5172
5177
5182
5187
5192
5197
5201
5205
5209
5213
5217
5221
5226
5230
5234
5239
5244
5249
5254
5260
5264
5269
5275
5280
5285
5290
5294
5299
5303
5308
5313
5317
5322
5327
5331
5336
5341
5347
5352
5358
5364
5371
5378
5385
5392
5397
5403
5409
5414
5420
5425
5430
5434
5438
5440
5443
5445
5447
5449
5452
5454
5456
5458
5460
5461
5463
5465
5467
5469
5471
5473
5475
5477
5479
5481
5483
5485
5487
5489
5491
5493
5495
5497
5499
5502
5505
5508
5512
5516
5520
5523
5526
5530
5534
5538
5542
5546
5550
5554
5559
5563
5568
5573
5578
5582
5586
5590
5593
5597
5600
5604
5607
5610
5614
5617
5621
5625
5627
5631
5634
5637
5641
5644
5648
5652
5655
5658
5662
5664
5668
5671
5675
5679
5682
5686
5690
5694
5698
5701
5704
5706
5710
5714
5716
5719
5722
5725
5728
5732
5736
5739
5743
5746
5750
5754
5757
5761
5766
5771
5776
5781
5785
5790
5795
5801
5806
5811
5815
5820
5825
5830
5835
5841
5846
5852
5857
5863
5869
5875
5881
5888
5896
5903
5915
6215
6227
6230
6235
6238
6241
6245
6250
6257
6264
6273
6284
6300
6308
6315
6421
6424
6427
6430
6433
6435
6438
6440
6443
6445
6448
6451
6454
6457
6460
6462
6465
6468
6471
6474
6477
6480
6484
6486
6489
6492
6497
6500
6504
6508
6511
6515
6518
6522
6526
6529
6533
6536
6540
6542
6545
6547
6550
6552
6555
6558
6560
6562
6564
6566
6568
6570
6572
6574
6576
6578
6580
6582
6584
6586
6588
6590
6592
6594
6596
6599
6601
6603
6605
6607
6609
6611
6613
6615
6617
6619
6621
6623
6625
6627
6629
6631
6633
6635
6637
6639
6641
6643
6645
6647
6649
6651
6653
6654
6655
6657
6659
6660
6662
6664
6666
6668
6670
6672
6674
6676
6678
6680
6682
6684
6686
6688
6690
6692
6694
6696
6698
6700
6702
6704
6705
6707
6708
6710
6711
6712
6714
6715
6717
6718
6720
6722
6723
6725
6726
6727
6728
6729
6731
6733
6735
6737
6739
6741
6743
6745
6747
6749
6751
6753
6755
6757
6759
6761
6763
6765
6767
6769
6771
6773
6775
6777
6779
6781
6782
6783
6784
6785
6786
6787
6788
6790
6792
6794
6796
6797
6799
6800
6802
6803
6805
6806
6808
6809
6811
6813
6815
6817
6819
6821
6823
6825
6827
6829
6831
6833
6835
6837
6839
6841
6843
6845
6847
6849
6851
6853
6855
6857
6859
6862
6865
6868
6871
6874
6877
6881
6885
6890
6897
6912
7862
7869
7873
7878
7883
7886
7890
7894
7897
7900
7902
7905
7908
7910
7912
7914
7917
7919
7921
7923
7926
7929
7932
7935
7938
7941
7944
7947
7950
7953
7956
7959
7962
7966
7970
7973
7976
7979
7981
7983
7985
7987
7989
7991
7993
7995
7997
8000
8003
8006
8009
8011
8014
8017
8020
8023
8026
8029
8032
8034
8037
8040
8043
8047
8049
8051
8053
8055
8058
8062
8066
8070
8073
8076
8079
8083
8087
8091
8094
8098
8102
8105
8109
8112
8115
8118
8121
8123
8125
8127
8129
8131
8133
8135
8137
8139
8141
8143
8145
8146
8148
8151
8153
8156
8158
8160
8162
8164
8166
8168
8170
8172
8174
8176
8178
8180
8182
8185
8188
8191
8194
8197
8200
8203
8206
8209
8212
8215
8218
8221
8224
8227
8230
8232
8235
8238
8240
8243
8246
8249
8252
8255
8258
8261
8264
8267
8270
8273
8276
8279
8282
8285
8288
8291
8294
8297
8299
8302
8305
8308
8311
8314
8317
8320
8323
8325
8328
8330
8333
8335
8338
8341
8344
8347
8350
8352
8354
8356
8358
8360
8362
8364
8366
8368
8370
8372
8374
8375
8377
8378
8380
8382
8384
8385
8387
8389
8391
8393
8396
8398
8400
8402
8404
8406
8409
8411
8413
8415
8417
8419
8421
8423
8425
8427
8429
8431
8433
8435
8437
8439
8441
8443
8445
8447
8449
8451
8453
8456
8459
8462
8465
8467
8469
8471
8473
8475
8477
8480
8482
8484
8486
8489
8492
8494
8496
8498
8500
8502
8504
8506
8508
8510
8512
8514
8516
8518
8520
8522
8524
8527
8530
8533
8536
8539
8541
8543
8545
8547
8549
8551
8553
8555
8558
8560
8563
8566
8568
8570
8573
8576
8578
8580
8582
8585
8588
8590
8593
8595
8598
8600
8603
8606
8609
8612
8615
8617
8620
8622
8624
8627
8629
8631
8633
8635
8638
8640
8642
8644
8647
8650
8653
8656
8659
8662
8665
8668
8671
8674
8677
8680
8683
8686
8689
8692
8695
8698
8701
8703
8706
8708
8710
8712
8715
8718
8721
8724
8727
8730
8732
8735
8737
8740
8743
8746
8749
8752
8755
8757
8759
8761
8763
8765
8767
8770
8773
8777
8780
8783
8785
8788
8791
8794
8797
8800
8803
8806
8808
8810
8812
8814
8816
8818
8821
8824
8827
8830
8833
8836
8839
8842
8845
8848
8851
8854
8857
8860
8862
8864
8866
8868
8870
8872
8875
8877
8880
8883
8886
8889
8892
8895
8898
8901
8904
8908
8913
8921
9012
9026
9046
9075
9092
9112
9124
9139
9152
9163
9180
9201
9219
9234
9250
9265
9282
9303
9331
9351
9504
9511
9517
9522
9528
9539
9611
9620
9627
9635
9642
9649
9658
9670
9683
9694
9704
9716
9727
9734
9740
9754
9772
9948
9962
9973
9983
9994
10006
10017
10030
10043
10054
10067
10079
10091
10104
10117
10130
10142
10155
10165
10178
10192
10205
10218
10229
10240
10252
10262
10271
10280
10289
10297
10306
10314
10322
10331
10337
10343
10348
10353
10357
10360
10364
10368
10371
10374
10377
10379
10382
10384
10387
10390
10393
10396
10399
10402
10405
10408
10411
10414
10417
10421
10425
10429
10436
10494
10503
10508
10512
10515
10518
10521
10523
10525
10527
10529
10530
10532
10534
10535
10537
10539
10541
10543
10545
10547
10549
10551
10553
10555
10557
10559
10561
10563
10565
10568
10571
10574
10577
10580
10583
10586
10589
10591
10594
10596
10599
10602
10605
10607
10609
10611
10613
10615
10617
10619
10621
10623
10625
10627
10629
10631
10633
10635
10637
10639
10641
10643
10645
10647
10649
10651
10653
10655
10657
10659
10661
10663
10665
10667
10669
10671
10673
10675
10677
10679
10681
10683
10685
10687
10689
10691
10693
10695
10697
10699
10701
10703
10705
10707
10709
10711
10713
10715
10717
10720
10722
10724
10726
10728
10730
10732
10734
10736
10738
10740
10742
10744
10746
10748
10750
10752
10754
10756
10758
10760
10762
10764
10766
10769
10771
10773
10775
10777
10780
10783
10786
10790
10793
10796
10800
10803
10806
10809
10812
10815
10818
10821
10824
10827
10830
10833
10836
10839
10842
10845
10847
10849
10851
10853
10855
10857
10859
10861
10863
10865
10867
10869
10871
10873
10875
10877
10880
10883
10886
10888
10890
10893
10895
10897
10899
10901
10903
10905
10907
10909
10911
10913
10915
10918
10920
10922
10925
10927
10930
10932
10934
10936
10938
10940
10943
10945
10947
10950
10952
10954
10956
10958
10960
10962
10964
10966
10968
10970
10972
10974
10976
10978
10980
10982
10984
10986
10988
10990
10992
10994
10996
10998
11000
11002
11004
11006
11008
11010
11012
11014
11017
11019
11022
11025
11028
11031
11034
11037
11040
11044
11048
11052
11056
11060
11064
11075
11134
11144
11150
11155
11159
11162
11165
11167
11170
11173
11176
11179
11182
11185
11188
11190
11192
11194
11197
11200
11203
11206
11209
11212
11215
11217
11219
11221
11223
11225
11228
11231
11234
11236
11239
11242
11245
11248
11251
11254
11257
11259
11261
11264
11267
11270
11273
11275
11277
11279
11281
11283
11285
11287
11289
11291
11293
11295
11297
11299
11301
11303
11305
11307
11309
11311
11313
11315
11317
11319
11321
11323
11325
11327
11329
11331
11333
11335
11337
11339
11340
11341
11343
11345
11347
11349
11351
11353
11355
11357
11359
11361
11363
11365
11367
11369
11371
11373
11375
11377
11379
11381
11383
11385
11387
11389
11391
11393
11395
11397
11399
11401
11403
11405
11407
11409
11411
11413
11415
11417
11419
11421
11423
11425
11427
11429
11431
11433
11435
11437
11439
11441
11443
11445
11447
11450
11453
11456
11459
11462
11465
11468
11471
11474
11478
11482
11486
11490
11494
11498
11501
11504
11508
11511
11515
11518
11521
11525
11528
11532
11534
11538
11542
11544
11547
11549
11552
11554
11557
11560
11563
11565
11567
11569
11571
11574
11576
11578
11580
11582
11584
11586
11588
11590
11592
11594
11596
11598
11600
11602
11604
11606
11608
11610
11612
11614
11616
11618
11620
11622
11624
11626
11628
11630
11632
11634
11636
11638
11640
11642
11644
11647
11649
11652
11655
11658
11661
11664
11666
11669
11672
11674
11676
11678
11680
11683
11686
11689
11692
11695
11698
11701
11704
11707
11709
11712
11715
11717
11719
11722
11724
11726
11728
11730
11732
11734
11736
11738
11740
11742
11744
11746
11748
11750
11752
11754
11756
11758
11760
11762
11763
11765
11767
11769
11771
11773
11775
11778
11781
11783
11786
11788
11790
11792
11794
11797
11799
11801
11803
11805
11808
11811
11814
11817
11820
11823
11826
11829
11832
11834
11837
11840
11842
11845
11848
11850
11852
11854
11856
11858
11860
11863
11866
11869
11872
11875
11877
11880
11883
11886
11889
11892
11895
11898
11901
11905
11908
11911
11914
11917
11920
11924
11928
11932
11935
11938
11940
11944
11948
11951
11954
11957
11960
11963
11966
11969
11972
11974
11977
11979
11982
11985
11988
11991
11994
11997
12000
12003
12005
12007
12009
12011
12013
12015
12018
12020
12022
12024
12026
12028
12030
12032
12034
12036
12038
12041
12044
12047
12050
12053
12056
12059
12062
12065
12068
12070
12072
12074
12076
12078
12080
12083
12086
12089
12092
12094
12096
12098
12100
12102
12104
12107
12109
12111
12113
12115
12117
12118
12121
12122
12125
12128
12130
12132
12134
12136
12138
12139
12142
12144
12145
12148
12150
12153
12155
12159
12162
12166
12169
12173
12177
12181
12185
12198
12219
12300
12304
12310
12322
12326
12338
12341
12377
12381
12388
12399
12401
12405
12410
12419
12428
