63
65
67
69
72
75
78
80
82
84
86
88
90
92
94
96
98
100
102
104
106
108
110
112
114
116
118
120
122
124
126
128
131
134
136
138
141
144
147
150
152
154
156
158
161
163
165
167
169
171
173
175
177
179
181
183
185
187
189
191
194
197
200
203
205
208
211
214
217
220
223
225
227
229
232
235
238
241
244
247
250
253
256
259
261
264
266
269
272
275
277
278
281
284
287
290
293
295
296
299
301
304
307
309
311
313
316
319
322
325
328
331
334
337
341
343
346
348
351
354
357
361
365
368
370
373
376
379
382
385
388
391
394
397
400
403
406
409
411
413
415
418
421
424
427
429
431
433
435
437
439
441
443
445
447
449
451
453
455
457
459
461
463
465
467
469
471
473
475
477
478
480
482
484
486
488
490
492
494
496
498
500
502
505
508
511
514
517
520
523
525
527
529
531
533
535
537
539
541
543
545
547
549
551
553
555
557
559
561
563
565
567
569
571
573
576
579
581
583
585
588
591
594
597
600
603
606
608
611
614
616
619
620
623
625
627
629
631
633
635
637
638
640
642
643
645
647
649
651
653
655
657
659
661
663
665
667
669
671
673
675
677
679
681
683
685
687
689
691
693
695
697
699
701
703
705
707
709
711
713
715
717
719
721
723
725
728
730
732
734
736
738
740
743
746
749
752
755
758
761
764
767
770
774
778
783
788
794
801
812
822
830
837
842
846
849
851
853
855
857
859
862
865
868
870
872
874
876
878
880
882
884
886
888
890
892
894
896
898
900
902
904
906
908
910
912
914
916
918
920
922
924
926
928
930
932
934
936
938
940
942
944
946
948
950
952
954
956
958
960
962
964
966
968
970
972
974
976
978
980
982
984
986
988
990
992
994
997
999
1001
1003
1005
1007
1009
1011
1013
1015
1017
1019
1021
1023
1025
1027
1029
1031
1033
1035
1037
1039
1041
1043
1045
1047
1049
1051
1053
1054
1056
1058
1060
1062
1064
1065
1067
1068
1071
1073
1076
1079
1082
1084
1086
1088
1090
1092
1094
1095
1097
1099
1100
1103
1106
1109
1113
1118
1126
1205
1212
1218
1222
1225
1229
1231
1235
1237
1240
1244
1246
1249
1251
1254
1256
1259
1261
1264
1267
1269
1272
1274
1277
1279
1282
1286
1289
1292
1296
1301
1306
1318
1323
1332
1346
1403
1409
1414
1418
1424
1427
1433
1437
1449
1451
1454
1854
1870
1888
1894
1897
1923
1935
1949
1983
2085
2088
2090
2093
2095
2097
2099
2101
2103
2105
2108
2110
2112
2114
2116
2119
2122
2125
2128
2131
2134
2137
2140
2143
2146
2149
2152
2155
2157
2160
2163
2166
2168
2170
2172
2174
2177
2179
2181
2183
2186
2189
2191
2193
2196
2200
2203
2206
2209
2212
2215
2217
2220
2223
2225
2228
2230
2233
2236
2237
2239
2241
2243
2246
2249
2252
2255
2257
2260
2263
2266
2268
2270
2272
2273
2274
2275
2277
2278
2280
2282
2284
2286
2288
2290
2292
2295
2298
2300
2302
2304
2306
2308
2310
2312
2314
2316
2318
2320
2322
2324
2326
2328
2330
2332
2334
2336
2339
2341
2343
2345
2347
2349
2351
2352
2353
2354
2356
2358
2360
2362
2364
2366
2368
2370
2372
2374
2376
2378
2380
2382
2384
2386
2388
2391
2393
2394
2396
2398
2400
2402
2404
2406
2408
2410
2412
2415
2417
2420
2422
2424
2426
2428
2430
2432
2434
2436
2438
2440
2443
2446
2448
2450
2453
2456
2459
2461
2464
2467
2470
2472
2475
2478
2481
2485
2488
2492
2495
2498
2502
2506
2511
2517
2525
2534
2550
2610
2616
2619
2622
2624
2627
2630
2631
2633
2635
2637
2639
2640
2642
2644
2646
2648
2649
2651
2653
2654
2657
2660
2663
2666
2669
2672
2675
2678
2681
2684
2686
2688
2690
2692
2694
2696
2699
2702
2705
2708
2710
2712
2714
2716
2718
2720
2722
2724
2726
2728
2731
2734
2737
2739
2741
2743
2746
2748
2750
2752
2754
2756
2758
2761
2763
2765
2767
2769
2771
2773
2775
2777
2779
2781
2783
2785
2787
2789
2791
2793
2795
2797
2799
2801
2803
2805
2807
2809
2811
2813
2815
2817
2819
2821
2823
2825
2828
2830
2832
2834
2836
2838
2840
2841
2843
2845
2847
2849
2851
2853
2855
2857
2859
2861
2863
2865
2867
2869
2871
2873
2875
2877
2879
2881
2883
2885
2887
2889
2892
2894
2896
2898
2900
2902
2904
2906
2908
2910
2912
2914
2916
2918
2921
2924
2927
2929
2931
2933
2935
2937
2939
2941
2944
2946
2949
2951
2954
2957
2959
2962
2963
2967
2970
2971
2974
2976
2978
2981
2983
2986
2989
2992
2994
2996
2998
3000
3003
3007
3008
3010
3012
3015
3017
3020
3022
3025
3027
3030
3032
3033
3036
3039
3041
3044
3046
3049
3051
3054
3056
3059
3062
3065
3068
3073
3076
3079
3081
3083
3085
3087
3088
3090
3093
3095
3097
3099
3101
3104
3106
3108
3110
3112
3114
3117
3119
3121
3123
3125
3128
3130
3132
3134
3136
3139
3142
3145
3148
3151
3154
3157
3160
3163
3166
3169
3172
3175
3179
3183
3187
3190
3193
3196
3199
3203
3206
3209
3213
3216
3218
3221
3222
3225
3227
3230
3233
3235
3238
3241
3243
3246
3248
3251
3253
3256
3259
3262
3265
3267
3269
3271
3273
3275
3278
3281
3284
3287
3290
3294
3297
3300
3303
3306
3309
3312
3315
3318
3321
3324
3328
3332
3336
3339
3344
3348
3351
3355
3359
3362
3365
3368
3371
3375
3379
3383
3386
3389
3392
3395
3398
3401
3405
3408
3411
3413
3415
3418
3420
3423
3426
3428
3432
3434
3437
3440
3442
3445
3449
3452
3455
3459
3462
3466
3469
3471
3473
3476
3479
3482
3485
3488
3491
3494
3497
3502
3508
3514
3520
3526
3532
3539
3546
3553
3563
3578
3591
3597
3601
3603
3606
3608
3610
3611
3613
3615
3616
3618
3620
3622
3624
3625
3626
3628
3629
3631
3633
3635
3637
3639
3641
3643
3645
3647
3649
3651
3653
3655
3657
3659
3662
3664
3667
3670
3673
3676
3680
3683
3686
3689
3692
3694
3696
3698
3700
3702
3704
3706
3708
3710
3712
3714
3716
3718
3720
3722
3724
3726
3728
3731
3734
3737
3740
3743
3746
3748
3750
3752
3754
3756
3758
3760
3762
3764
3766
3768
3770
3772
3774
3776
3778
3780
3782
3784
3786
3788
3790
3792
3794
3796
3798
3800
3802
3804
3806
3808
3810
3812
3814
3816
3818
3820
3822
3824
3826
3828
3830
3832
3834
3836
3838
3840
3842
3844
3846
3848
3850
3852
3854
3856
3858
3860
3863
3865
3867
3869
3871
3873
3875
3878
3880
3882
3884
3886
3888
3890
3892
3894
3896
3898
3900
3902
3904
3906
3908
3910
3912
3914
3916
3918
3920
3922
3924
3927
3930
3933
3936
3939
3942
3945
3948
3951
3954
3957
3960
3963
3966
3968
3970
3972
3974
3976
3978
3980
3982
3984
3986
3988
3991
3993
3995
3997
3999
4001
4003
4005
4006
4008
4010
4012
4014
4016
4019
4021
4023
4026
4028
4031
4033
4035
4038
4041
4044
4046
4049
4052
4054
4056
4058
4060
4062
4065
4068
4071
4074
4077
4080
4083
4085
4087
4089
4091
4093
4095
4097
4099
4101
4103
4105
4107
4109
4111
4113
4115
4117
4119
4121
4122
4123
4125
4127
4129
4131
4133
4135
4138
4141
4144
4147
4150
4153
4156
4159
4162
4165
4168
4171
4174
4178
4182
4186
4190
4194
4199
4205
4212
4253
4263
4265
4292
4298
4303
4307
4311
4313
4402
4405
4409
4412
4416
4422
4454
4471
4482
4489
4499
4504
4511
4515
4519
4650
4652
4655
4657
4660
4663
4667
4671
4675
4679
4684
4689
4694
4698
4702
4706
4710
4714
4719
4724
4729
4735
4741
4746
4751
4756
4761
4765
4769
4773
4777
4781
4785
4789
4793
4797
4801
4804
4806
4809
4811
4814
4816
4819
4821
4824
4826
4829
4831
4833
4836
4839
4842
4845
4848
4850
4852
4854
4856
4858
4861
4864
4867
4870
4873
4876
4879
4883
4887
4891
4894
4897
4900
4903
4906
4910
4913
4917
4921
4925
4928
4931
4934
4937
4940
4943
4947
4950
4953
4956
4958
4961
4963
4966
4968
4971
4974
4977
4980
4984
4988
4991
4995
5000
5006
5012
5017
5025
5032
5039
5045
5051
5058
5062
5067
5073
5078
5083
5088
5093
5098
5103
5109
5113
5118
5123
5129
5134
5139
5143
5145
5148
5149
5151
5153
5154
5156
5158
5160
5162
5164
5166
5168
5170
5171
5173
5174
5175
5177
5178
5180
5182
5184
5186
5188
5190
5192
5194
5196
5198
5200
5202
5205
5208
5211
5215
5220
5230
5238
5385
5388
5391
5395
5399
5402
5405
5409
5412
5416
5419
5422
5426
5429
5432
5434
5437
5439
5443
5445
5448
5451
5454
5456
5459
5462
5465
5467
5470
5472
5475
5477
5481
5485
5488
5491
5494
5497
5500
5503
5505
5507
5510
5513
5516
5520
5524
5528
5532
5536
5540
5544
5548
5552
5556
5559
5563
5567
5571
5575
5579
5583
5587
5591
5595
5600
5605
5610
5614
5618
5621
5624
5628
5632
5635
5640
5646
5650
5655
5659
5663
5666
5669
5673
5677
5680
5685
5688
5694
5700
5707
5717
5926
5936
5947
5954
5960
5966
5972
5977
5982
5986
5990
5995
6000
6004
6007
6011
6013
6016
6018
6021
6024
6026
6028
6030
6032
6034
6036
6038
6040
6042
6044
6047
6050
6053
6056
6059
6062
6064
6066
6068
6070
6072
6074
6076
6078
6080
6082
6085
6087
6089
6092
6095
6098
6101
6104
6107
6110
6113
6116
6118
6121
6124
6127
6130
6133
6136
6140
6143
6147
6150
6153
6157
6160
6164
6166
6170
6173
6175
6178
6180
6183
6188
6192
6196
6200
6205
6209
6213
6216
6219
6224
6229
6233
6237
6241
6244
6247
6250
6252
6255
6257
6260
6263
6265
6267
6269
6271
6273
6275
6277
6279
6281
6283
6285
6288
6291
6294
6296
6298
6300
6302
6304
6306
6308
6310
6312
6314
6316
6318
6320
6322
6324
6326
6328
6330
6332
6334
6336
6338
6340
6342
6344
6346
6348
6350
6352
6354
6356
6358
6359
6361
6362
6364
6366
6368
6370
6371
6374
6376
6378
6380
6382
6384
6386
6388
6390
6392
6394
6396
6398
6400
6402
6404
6406
6408
6410
6412
6414
6416
6418
6420
6422
6424
6426
6428
6430
6432
6434
6436
6437
6438
6440
6442
6444
6446
6448
6450
6452
6454
6456
6458
6460
6462
6464
6466
6468
6470
6472
6474
6476
6478
6480
6482
6484
6486
6488
6490
6492
6494
6496
6498
6500
6502
6504
6506
6508
6510
6512
6514
6516
6518
6520
6522
6524
6526
6528
6530
6532
6534
6536
6538
6540
6542
6544
6546
6548
6550
6552
6554
6556
6558
6560
6562
6564
6566
6568
6570
6572
6574
6576
6578
6580
6582
6584
6587
6589
6591
6593
6595
6597
6599
6601
6604
6606
6608
6610
6613
6615
6618
6620
6622
6624
6626
6628
6630
6632
6634
6636
6638
6640
6642
6644
6646
6648
6650
6652
6654
6656
6658
6660
6662
6665
6667
6669
6671
6673
6675
6677
6679
6681
6683
6685
6687
6689
6691
6693
6695
6697
6699
6701
6703
6705
6707
6709
6712
6715
6718
6721
6724
6727
6730
6733
6736
6740
6744
6748
6753
6759
6766
6773
6780
6788
7005
7020
7027
7033
7038
7043
7047
7050
7053
7056
7060
7063
7066
7069
7070
7072
7074
7076
7078
7080
7082
7084
7085
7086
7088
7090
7092
7094
7096
7099
7102
7105
7108
7111
7114
7117
7120
7123
7126
7128
7130
7132
7134
7136
7138
7140
7142
7144
7147
7150
7153
7156
7159
7162
7165
7168
7170
7172
7175
7178
7181
7184
7187
7191
7195
7199
7203
7207
7210
7213
7216
7219
7222
7225
7228
7232
7236
7240
7243
7246
7249
7252
7255
7258
7261
7264
7267
7270
7273
7276
7279
7282
7285
7288
7291
7294
7297
7300
7302
7305
7308
7310
7313
7315
7318
7321
7323
7326
7329
7331
7334
7336
7339
7342
7344
7347
7348
7350
7352
7354
7356
7358
7360
7361
7363
7365
7367
7371
7374
7377
7383
7385
7389
7469
7471
7473
7476
7479
7481
7483
7486
7489
7491
7493
7495
7497
7499
7501
7503
7505
7507
7509
7510
7512
7513
7515
7517
7519
7521
7523
7525
7527
7529
7532
7534
7536
7538
7540
7542
7544
7546
7548
7550
7552
7554
7556
7558
7560
7563
7566
7568
7570
7572
7574
7576
7578
7580
7582
7584
7587
7589
7592
7594
7597
7599
7601
7603
7605
7607
7609
7611
7613
7615
7617
7618
7620
7622
7624
7626
7629
7630
7633
7634
7637
7639
7642
7644
7647
7649
7651
7653
7655
7657
7659
7660
7662
7664
7666
7668
7670
7672
7674
7676
7678
7681
7684
7687
7690
7693
7696
7699
7702
7705
7708
7711
7714
7717
7720
7723
7726
7728
7731
7734
7737
7741
7745
7749
7753
7756
7759
7762
7765
7768
7771
7774
7776
7778
7780
7782
7785
7788
7790
7792
7795
7797
7800
7804
7808
7811
7813
7815
7817
7819
7821
7823
7824
7826
7828
7829
7831
7833
7835
7837
7840
7843
7845
7847
7849
7851
7853
7855
7858
7861
7864
7867
7870
7873
7875
7877
7880
7883
7886
7889
7892
7895
7899
7902
7906
7910
7915
7920
7925
7929
7933
7937
7940
7943
7946
7949
7952
7955
7957
7959
7961
7963
7965
7967
7969
7971
7973
7975
7977
7979
7982
7985
7988
7991
7994
7996
7998
8000
8003
8005
8008
8010
8012
8014
8017
8020
8022
8025
8027
8029
8032
8034
8037
8039
8041
8043
8044
8046
8049
8052
8054
8055
8057
8059
8060
8063
8065
8068
8070
8072
8074
8076
8078
8081
8083
8086
8089
8091
8093
8095
8097
8099
8102
8104
8107
8110
8113
8116
8119
8121
8123
8125
8127
8129
8132
8134
8136
8139
8141
8144
8147
8150
8152
8155
8158
8161
8164
8167
8170
8173
8176
8178
8181
8183
8186
8188
8190
8193
8195
8199
8203
8206
8209
8211
8213
8215
8217
8220
8221
8223
8226
8229
8232
8235
8239
8243
8247
8251
8255
8260
8265
8270
8274
8277
8280
8283
8285
8287
8289
8291
8293
8295
8297
8299
8301
8303
8305
8307
8309
8311
8313
8314
8317
8319
8322
8324
8327
8329
8332
8334
8337
8339
8341
8343
8345
8347
8348
8350
8352
8353
8355
8357
8359
8361
8362
8364
8366
8368
8370
8372
8374
8376
8378
8380
8382
8385
8388
8391
8394
8397
8400
8403
8406
8408
8410
8412
8414
8416
8418
8420
8422
8424
8426
8428
8430
8432
8434
8436
8438
8440
8442
8444
8446
8448
8450
8452
8454
8456
8458
8460
8462
8464
8466
8468
8470
8472
8474
8477
8480
8483
8486
8489
8492
8495
8497
8500
8502
8505
8508
8510
8512
8514
8516
8518
8520
8522
8524
8526
8528
8530
8532
8534
8536
8538
8540
8541
8543
8545
8547
8549
8551
8553
8555
8557
8559
8561
8563
8566
8569
8572
8575
8578
8581
8584
8587
8590
8593
8596
8599
8602
8604
8606
8609
8612
8615
8618
8620
8622
8624
8626
8628
8631
8634
8640
8642
8645
8647
8650
8652
8654
8658
8660
8662
8666
8668
8669
