42
43
44
45
46
47
48
49
50
51
52
53
54
55
56
57
58
59
61
62
63
64
65
66
67
68
69
70
71
72
73
74
75
76
77
78
79
80
81
82
83
84
85
87
89
91
93
95
97
99
101
103
104
105
106
107
108
109
110
111
112
113
114
115
116
117
118
119
121
123
124
125
126
127
128
129
130
131
132
133
134
135
137
139
140
141
142
143
144
145
146
147
148
149
150
151
152
153
154
156
158
159
160
161
163
164
165
166
167
169
171
172
173
174
176
177
178
179
180
182
183
184
185
186
187
188
189
190
191
192
193
194
195
196
197
198
199
201
203
205
207
209
210
211
213
214
215
216
217
218
219
220
222
223
225
226
228
230
232
233
234
235
236
237
238
240
242
244
246
248
249
250
251
252
253
255
257
259
261
263
265
267
269
271
274
276
278
280
282
284
286
288
290
292
294
296
298
300
302
304
305
307
308
310
312
314
316
318
320
321
323
324
325
326
327
328
329
330
331
332
333
334
335
336
337
338
339
340
341
342
343
344
345
346
347
348
349
350
351
352
353
354
355
357
358
359
360
361
362
364
365
366
367
369
370
372
373
375
376
377
378
379
380
381
382
383
384
385
386
387
389
390
391
392
393
394
395
396
397
398
399
401
402
403
404
405
406
407
408
409
410
411
412
413
414
415
416
417
418
419
420
421
422
423
424
425
426
427
428
429
430
431
432
433
435
436
437
438
440
441
443
445
447
449
451
453
455
457
459
461
464
466
468
470
472
474
476
477
478
479
480
481
482
483
484
485
486
487
488
489
490
491
492
493
494
495
496
497
498
499
500
501
502
503
504
505
506
507
508
509
510
511
512
513
514
515
516
517
518
519
520
521
522
523
524
525
526
527
528
529
530
531
532
533
534
535
536
537
538
539
540
541
542
543
544
545
546
547
548
549
550
551
552
553
554
555
556
557
558
559
560
561
562
563
564
566
567
568
569
570
571
572
573
574
575
576
577
578
579
580
581
582
583
584
585
586
587
588
589
590
591
592
593
594
595
596
597
598
599
600
601
602
603
604
605
606
608
609
610
611
612
613
614
615
616
617
618
619
620
621
622
623
624
625
626
627
629
630
631
632
633
634
635
636
637
638
639
640
641
642
643
644
645
646
647
648
649
650
651
652
653
654
655
656
658
659
660
661
662
663
664
665
666
667
668
669
671
673
675
676
677
679
681
683
685
687
689
691
692
693
695
697
699
701
702
703
704
705
706
707
708
709
710
711
712
713
714
715
716
717
718
719
720
721
722
723
724
725
726
727
728
730
732
734
736
738
739
740
741
742
743
744
745
746
747
748
749
750
751
752
753
754
755
756
757
758
759
760
761
762
763
764
765
766
767
768
769
770
771
772
773
774
775
776
777
778
779
780
781
782
783
784
785
786
787
788
789
790
791
792
793
794
795
796
797
798
799
800
801
802
803
804
805
806
807
808
809
810
811
812
813
814
815
816
817
818
819
820
821
822
823
824
825
826
827
828
829
830
831
832
833
834
835
836
837
838
839
840
842
843
844
845
846
847
848
849
850
851
852
853
854
855
856
857
858
859
860
861
862
863
864
865
866
867
868
869
870
871
872
873
874
875
876
877
878
879
880
881
882
883
884
885
886
887
888
889
890
891
892
893
894
895
897
898
899
900
902
903
905
906
908
909
911
912
913
914
915
917
919
921
923
925
927
929
931
933
935
936
937
938
939
940
941
942
943
944
945
946
947
948
949
950
951
952
953
954
955
957
958
959
960
961
962
963
964
965
966
967
968
969
970
971
972
973
974
975
976
977
978
979
980
981
982
983
984
985
986
987
988
989
990
991
992
993
994
996
997
998
999
1000
1001
1002
1003
1004
1006
1007
1008
1009
1010
1011
1013
1014
1015
1016
1017
1018
1020
1021
1022
1024
1026
1028
1029
1031
1033
1034
1035
1036
1037
1038
1039
1041
1043
1044
1045
1047
1048
1050
1052
1053
1054
1055
1056
1057
1059
1061
1063
1065
1067
1068
1069
1070
1074
1076
1078
1080
1084
1086
1090
1092
