 0
10
21
25
29
37
 70
 77
 92
 97
104
111
119
128
134
140
144
157
161
165
170
174
179
183
188
193
197
202
206
211
216
224
230
235
240
245
251
256
263
267
273
278
282
287
291
295
301
306
310
314
318
323
327
330
334
339
344
349
356
362
367
371
375
379
383
388
393
397
400
403
405
407
409
411
414
416
418
420
423
425
428
430
432
435
437
439
441
443
446
449
455
468
472
477
481
486
491
496
501
506
510
516
520
524
529
533
538
542
548
553
557
563
566
571
575
580
585
589
595
599
604
608
613
617
620
625
628
632
636
640
641
645
649
655
659
663
668
671
676
679
685
688
692
695
701
705
708
712
718
722
726
732
737
741
746
750
755
759
763
765
768
770
772
774
776
778
780
782
784
786
789
792
796
800
804
807
810
813
817
821
827
831
838
842
847
852
858
863
871
879
886
893
903
910
919
925
932
936
940
948
954
964
971
981
987
993
1000
1007
1013
1018
1023
1029
1034
1038
1042
1045
1052
1057
1061
1068
1075
1080
1083
1085
1087
1090
1092
1095
1098
1101
1104
1106
1108
1110
1112
1114
1116
1117
1119
1121
1123
1126
1128
1131
1133
1136
1140
1142
1145
1148
1153
1158
1162
1166
1172
1176
1180
1184
1195
1199
1204
1208
1213
1218
1223
1227
1234
1242
1255
1260
1264
1268
1272
1278
1282
1295
1300
1309
1314
1318
1324
1326
1331
1337
1342
1347
1353
1356
1358
1362
1367
1372
1376
1380
1384
1387
1390
1393
1397
1401
1406
1409
1414
1418
1423
1427
1432
1437
1441
1446
1450
1454
1457
1462
1466
1470
1475
1478
1480
1483
1486
1488
1491
1493
1495
1498
1501
1503
1505
1507
1509
1511
1512
1514
1516
1518
1520
1523
1526
1529
1536
1539
1542
1545
1549
1553
1558
1563
1567
1580
