84
86
88
90
92
94
96
98
100
102
105
107
109
111
114
117
120
123
125
127
130
133
137
140
143
146
148
151
154
158
160
164
168
172
175
178
181
184
186
189
194
198
202
207
212
217
220
223
225
228
232
237
241
245
248
251
254
257
260
262
265
268
271
274
277
280
282
284
286
289
292
295
298
301
304
306
308
311
314
317
320
323
326
329
332
335
338
341
344
347
350
353
356
359
362
365
368
371
373
375
377
380
383
386
389
392
395
398
401
404
407
410
413
416
419
422
425
428
431
434
437
439
441
443
445
447
450
452
455
458
461
464
466
468
470
472
474
476
478
480
482
484
486
488
490
492
494
496
499
501
504
507
509
511
513
515
517
519
521
523
526
529
532
535
537
539
542
545
548
551
554
557
560
563
565
567
569
571
573
575
577
579
582
584
586
588
591
593
595
597
599
601
603
606
608
610
613
615
618
621
624
626
628
630
632
634
636
639
642
644
647
650
653
656
660
663
666
669
671
674
677
680
683
686
688
691
694
697
700
703
706
708
710
712
714
717
720
723
726
728
730
732
734
737
739
741
743
746
749
752
756
759
763
765
768
771
774
777
779
781
784
786
788
790
792
794
796
798
800
803
806
808
811
813
816
818
820
822
824
826
828
830
832
834
836
839
842
845
848
852
855
858
861
864
867
870
873
876
879
881
883
885
888
890
893
895
897
899
901
903
905
907
909
910
912
914
916
918
921
924
926
928
930
933
936
939
943
947
951
956
967
984
1410
1423
1432
1440
1446
1453
1459
1465
1470
1474
1478
1483
1488
1493
1501
1509
1514
1520
1524
1528
1531
1534
1538
1543
1547
1549
1553
1557
1561
1567
1571
1574
1577
1580
1582
1584
1586
1588
1590
1592
1594
1596
1598
1600
1602
1604
1606
1608
1610
1612
1614
1617
1620
1623
1627
1630
1633
1636
1639
1642
1645
1648
1651
1654
1657
1660
1662
1664
1666
1668
1671
1674
1678
1681
1684
1687
1689
1691
1694
1698
1702
1705
1708
1710
1712
1714
1716
1719
1722
1725
1728
1731
1733
1735
1737
1739
1741
1743
1745
1748
1751
1754
1757
1760
1763
1766
1769
1772
1775
1778
1781
1784
1787
1790
1793
1796
1798
1801
1804
1807
1810
1813
1815
1818
1820
1823
1825
1827
1830
1833
1835
1837
1840
1843
1846
1849
1852
1855
1858
1860
1863
1865
1867
1870
1873
1876
1879
1882
1885
1888
1891
1894
1897
1900
1902
1905
1907
1910
1912
1915
1918
1920
1922
1924
1926
1928
1930
1932
1934
1936
1938
1940
1943
1945
1948
1950
1953
1956
1959
1962
1965
1968
1971
1973
1976
1979
1981
1984
1987
1989
1991
1994
1996
1999
2002
2005
2008
2011
2013
2016
2019
2022
2025
2027
2030
2033
2036
2039
2042
2045
2048
2051
2055
2058
2062
2066
2069
2073
2077
2081
2085
2089
2094
2100
2108
2119
2143
2174
2186
2192
2196
2199
2202
2205
2208
2210
2212
2214
2216
2218
2220
2222
2224
2226
2228
2230
2232
2234
2236
2238
2240
2243
2246
2249
2252
2255
2258
2261
2264
2267
2270
2273
2277
2281
2285
2288
2291
2294
2297
2300
2303
2305
2308
2310
2313
2316
2319
2322
2325
2329
2332
2337
2341
2345
2349
2354
2359
2365
2370
2375
2380
2386
2391
2396
2400
2404
2410
2414
2417
2421
2424
2427
2430
2433
2436
2439
2441
2443
2445
2447
2449
2451
2453
2455
2457
2459
2461
2463
2465
2467
2469
2471
2474
2476
2479
2482
2485
2488
2492
2495
2498
2501
2504
2507
2509
2511
2513
2515
2517
2519
2521
2523
2525
2527
2530
2532
2534
2536
2539
2541
2543
2545
2547
2550
2553
2556
2559
2562
2564
2566
2569
2571
2573
2575
2578
2581
2583
2585
2587
2590
2592
2594
2597
2600
2603
2606
2609
2612
2615
2618
2621
2624
2628
2631
2633
2635
2637
2639
2641
2644
2647
2649
2652
2655
2658
2661
2664
2667
2669
2672
2674
2676
2678
2680
2682
2684
2686
2689
2691
2695
2699
2703
2707
2711
2715
2719
2722
2725
2728
2731
2734
2737
2741
2744
2748
2752
2756
2760
2764
2768
2771
2774
2776
2778
2781
2785
2788
2791
2794
2797
2800
2803
2806
2808
2810
2812
2815
2818
2821
2823
2826
2829
2831
2833
2836
2841
2846
2851
2855
2858
2861
2864
2867
2870
2873
2876
2880
2884
2887
2890
2892
2894
2896
2899
2902
2905
2908
2913
2917
2921
2925
2929
2933
2937
2941
2944
2947
2950
2953
2955
2958
2962
2965
2968
2972
2975
2978
2981
2984
2988
2991
2994
2997
3000
3003
3006
3009
3012
3015
3018
3021
3023
3025
3027
3029
3032
3034
3036
3039
3042
3045
3048
3051
3053
3055
3057
3059
3061
3064
3067
3070
3073
3076
3079
3082
3086
3090
3094
3098
3101
3105
3108
3111
3114
3119
3124
3129
3132
3135
3138
3141
3144
3147
3150
3154
3157
3160
3163
3166
3169
3172
3175
3178
3181
3184
3187
3190
3193
3196
3200
3204
3207
3210
3213
3216
3220
3223
3227
3231
3235
3238
3241
3244
3247
3250
3254
3259
3264
3269
3274
3279
3284
3289
3294
3300
3306
3313
3322
3331
3340
3351
3361
3372
3380
3386
3390
3393
3396
3399
3401
3403
3405
3407
3409
3411
3413
3415
3417
3419
3421
3423
3425
3427
3429
3431
3433
3435
3437
3439
3441
3443
3445
3447
3449
3451
3453
3455
3457
3459
3461
3463
3465
3467
3469
3471
3473
3475
3477
3479
3481
3483
3486
3489
3491
3493
3495
3497
3499
3501
3503
3505
3507
3509
3511
3513
3515
3517
3519
3521
3523
3525
3527
3529
3531
3533
3535
3537
3539
3541
3543
3545
3547
3549
3551
3553
3555
3557
3559
3561
3563
3565
3567
3569
3571
3573
3575
3577
3579
3581
3583
3585
3587
3589
3591
3593
3595
3597
3599
3601
3603
3605
3607
3609
3611
3613
3615
3617
3619
3621
3623
3625
3627
3629
3631
3633
3635
3637
3639
3642
3644
3646
3648
3650
3652
3654
3656
3659
3661
3663
3665
3667
3670
3672
3674
3676
3678
3680
3682
3684
3686
3688
3690
3692
3694
3696
3698
3700
3702
3705
3708
3710
3712
3714
3716
3719
3721
3724
3727
3729
3731
3733
3735
3737
3740
3742
3745
3747
3749
3751
3753
3756
3758
3760
3763
3766
3769
3772
3775
3778
3781
3784
3787
3790
3793
3796
3799
3802
3805
3808
3811
3813
3815
3817
3819
3822
3824
3826
3828
3830
3832
3834
3837
3840
3843
3846
3849
3852
3855
3858
3861
3864
3867
3870
3873
3876
3879
3882
3885
3889
3893
3897
3901
3905
3909
3915
3922
3930
3941
4030
4044
4054
4063
4070
4076
4079
4083
4086
4089
4092
4095
4098
4101
4105
4109
4114
4119
4125
4131
4136
4141
4147
4154
4159
4163
4168
4173
4176
4180
4184
4186
4188
4192
4196
4201
4206
4210
4216
4221
4226
4231
4235
4240
4244
4249
4253
4257
4261
4265
4269
4272
4275
4278
4281
4284
4287
4290
4293
4296
4299
4302
4305
4309
4312
4316
4320
4324
4328
4332
4337
4341
4345
4349
4354
4359
4364
4369
4374
4379
4383
4388
4392
4396
4400
4404
4407
4410
4413
4416
4419
4422
4425
4428
4431
4434
4437
4440
4442
4444
4447
4450
4453
4456
4459
4462
4465
4468
4472
4475
4478
4482
4485
4489
4492
4496
4500
4503
4506
4509
4512
4515
4518
4522
4526
4530
4534
4538
4542
4545
4549
4553
4557
4561
4565
4569
4572
4576
4580
4583
4587
4590
4593
4597
4602
4606
4610
4615
4621
4626
4632
4639
4645
4652
4658
4664
4670
4676
4682
4689
4698
4710
4720
4729
4737
4744
4750
4755
4761
4767
4772
4778
4783
4789
4793
4798
4802
4806
4810
4813
4816
4819
4822
4825
4827
4829
4831
4833
4835
4837
4839
4841
4843
4845
4847
4849
4851
4853
4855
4857
4859
4861
4863
4865
4867
4869
4871
4873
4875
4877
4879
4882
4885
4888
4892
4898
4905
4912
4920
4928
4935
4942
4947
4952
4957
4961
4965
4969
4973
4977
4981
4985
4989
4993
4997
5001
5005
5009
5013
5016
5020
5024
5027
5030
5033
5036
5039
5042
5045
5049
5053
5056
5059
5062
5065
5068
5071
5074
5077
5080
5083
5086
5089
5092
5095
5099
5102
5105
5108
5112
5116
5119
5122
5125
5128
5131
5134
5137
5141
5144
5147
5151
5155
5158
5162
5165
5168
5172
5176
5180
5184
5189
5193
5198
5203
5209
5216
5224
5232
5238
5245
5251
5256
5261
5267
5272
5277
5283
5288
5293
5299
5305
5311
5317
5323
5329
5335
5342
5348
5353
5359
5365
5370
5375
5380
5386
5393
5399
5405
5411
5420
5428
5436
5444
5453
5460
5468
5475
5483
5492
5501
5507
5513
5520
5525
5529
5533
5537
5541
5545
5549
5553
5557
5561
5565
5569
5573
5578
5583
5588
5593
5598
5604
5609
5613
5617
5621
5625
5629
5633
5637
5641
5645
5649
5652
5655
5658
5661
5664
5666
5668
5671
5673
5676
5679
5682
5685
5688
5691
5693
5695
5697
5699
5702
5704
5706
5708
5710
5712
5714
5716
5718
5720
5722
5724
5726
5728
5730
5733
5736
5739
5742
5745
5748
5752
5756
5760
5763
5767
5770
5774
5778
5781
5784
5788
5791
5794
5798
5801
5805
5808
5811
5814
5817
5820
5823
5826
5829
5831
5834
5837
5840
5843
5846
5849
5851
5853
5855
5857
5859
5861
5863
5865
5867
5869
5871
5873
5875
5877
5879
5881
5883
5885
5888
5890
5893
5896
5899
5902
5905
5908
5911
5914
5917
5920
5923
5927
5931
5934
5938
5942
5945
5948
5951
5954
5957
5960
5963
5966
5969
5971
5973
5975
5977
5979
5981
5984
5987
5990
5993
5996
5999
6001
6004
6006
6008
6011
6014
6017
6020
6022
6025
6027
6029
6031
6034
6037
6040
6042
6044
6046
6048
6050
6052
6054
6056
6058
6061
6064
6067
6069
6072
6074
6076
6078
6081
6083
6085
6087
6089
6091
6093
6095
6097
6100
6102
6105
6108
6111
6113
6115
6117
6119
6121
6123
6124
6125
6126
6128
6130
6132
6134
6137
6140
6143
6146
6149
6151
6153
6155
6157
6160
6163
6165
6168
6171
6174
6177
6180
6183
6186
6189
6191
6194
6197
6200
6204
6207
6210
6214
6218
6224
6229
6233
6237
6241
6245
6249
6253
6258
6263
6268
6273
6278
6282
6286
6291
6296
6301
6305
6309
6313
6317
6321
6325
6329
6332
6335
6338
6341
6344
6347
6350
6352
6354
6357
6360
6363
6366
6368
6370
6372
6375
6378
6381
6385
6388
6391
6394
6397
6400
6403
6406
6409
6412
6415
6418
6421
6424
6427
6429
6432
6435
6438
6441
6444
6447
6450
6452
6454
6457
6460
6463
6466
6469
6472
6476
6479
6482
6485
6488
6491
6495
6499
6501
6503
6505
6508
6513
6517
6520
6523
6526
6533
6540
6549
6566
6609
6619
6632
6643
6651
6656
6661
6665
6669
6673
6676
6679
6682
6685
6687
6689
6691
6693
6695
6697
6699
6701
6703
6705
6707
6709
6711
6713
6715
6717
6719
6722
6725
6728
6731
6734
6737
6740
6744
6748
6751
6754
6757
6760
6763
6766
6769
6772
6775
6778
6781
6784
6787
6790
6793
6796
6799
6802
6805
6808
6811
6814
6817
6820
6823
6826
6829
6832
6835
6838
6841
6844
6847
6850
6853
6856
6859
6862
6865
6868
6871
6873
6876
6879
6882
6885
6888
6891
6894
6897
6900
6903
6906
6909
6913
6916
6920
6923
6927
6930
6933
6936
6940
6944
6947
6950
6953
6957
6960
6963
6966
6969
6972
6974
6976
6978
6980
6982
6984
6986
6988
6990
6992
6994
6996
6998
7000
7002
7004
7006
7008
7010
7012
7014
7016
7018
7021
7023
7026
7028
7031
7034
7037
7039
7041
7043
7045
7048
7051
7053
7055
7057
7059
7061
7063
7065
7067
7069
7071
7073
7075
7077
7079
7081
7083
7085
7087
7089
7092
7094
7096
7098
7100
7102
7104
7106
7108
7110
7112
7114
7116
7118
7120
7122
7124
7126
7128
7130
7132
7134
7136
7138
7140
7142
7144
7146
7148
7150
7152
7154
7156
7158
7160
7162
7164
7166
7168
7170
7172
7174
7176
7178
7180
7182
7184
7186
7188
7191
7193
7196
7199
7201
7204
7207
7210
7213
7216
7219
7222
7225
7228
7231
7234
7237
7240
7243
7245
7247
7250
7253
7255
7258
7260
7262
7264
7266
7268
7270
7272
7274
7276
7278
7280
7282
7284
7286
7288
7290
7292
7294
7296
7298
7300
7302
7304
7306
7308
7310
7312
7315
7317
7319
7322
7325
7327
7329
7332
7335
7338
7341
7344
7346
7349
7352
7355
7358
7361
7364
7367
7370
7373
7376
7379
7382
7385
7388
7391
7394
7397
7400
7403
7406
7410
7414
7417
7420
7423
7426
7428
7430
7432
7434
7436
7438
7440
7442
7444
7447
7450
7452
7454
7456
7459
7461
7463
7465
7467
7470
7473
7476
7479
7482
7485
7488
7491
7494
7497
7500
7503
7506
7509
7512
7515
7518
7520
7522
7525
7528
7531
7534
7537
7540
7544
7548
7551
7555
7559
7563
7568
7573
7578
7583
7588
7592
7596
7600
7603
7606
7609
7612
7615
7617
7619
7621
7623
7625
7627
7629
7631
7633
7635
7637
7639
7641
7643
7645
7647
7650
7653
7656
7660
7664
7668
7671
7674
7677
7680
7683
7686
7689
7692
7695
7699
7703
7706
7709
7712
7715
7718
7721
7724
7726
7729
7731
7733
7735
7737
7740
7743
7746
7749
7752
7755
7758
7761
7765
7769
7773
7776
7779
7782
7785
7788
7791
7794
7797
7800
7803
7806
7810
7813
7816
7819
7822
7825
7828
7830
7832
7834
7837
7840
7843
7846
7848
7850
7853
7855
7858
7861
7864
7867
7869
7872
7875
7878
7881
7884
7887
7890
7893
7896
7900
7904
7908
7912
7916
7920
7923
7926
7929
7932
7935
7938
7942
7946
7950
7954
7958
7964
7974
7991
8068
8076
8081
8085
8088
8090
8092
8094
8096
8098
8100
8102
8104
8106
8108
8110
8112
8114
8116
8118
8120
8122
8124
8127
8129
8132
8135
8138
8140
8143
8145
8147
8149
8152
8154
8157
8160
8162
8165
8168
8171
8173
8175
8177
8180
8183
8186
8189
8192
8195
8198
8201
8205
8208
8211
8214
8217
8220
8222
8224
8226
8228
8230
8232
8234
8236
8238
8240
8244
8247
8250
8254
8257
8260
8264
8268
8271
8275
8279
8282
8285
8288
8291
8294
8297
8301
8304
8308
8311
8315
8318
8321
8324
8326
8328
8331
8334
8338
8342
8346
8349
8353
8356
8359
8361
8364
8367
8370
8373
8376
8380
8383
8386
8389
8392
8395
8398
8401
8405
8409
8413
8417
8422
8425
8429
8433
8437
8441
8444
8448
8452
8455
8459
8463
8466
8470
8474
8478
8482
8486
8490
8494
8499
8504
8510
8515
8520
8526
8533
8540
8548
8558
8570
8585
8600
8613
8624
8635
8646
8655
8667
8679
8689
8699
8709
8719
8728
8737
8745
8751
8757
8763
8769
8774
8780
8786
8793
8800
8806
8811
8816
8822
8829
8836
8843
8851
8859
8867
8877
8882
8891
8898
8907
8914
8922
8926
8931
8938
8945
8953
8964
8982
9850
9856
9859
9862
9870
9916
9920
9938
9947
9959
9962
10143
10147
10151
10157
10162
10166
10170
10173
10176
10179
10182
10185
10188
10191
10194
10198
10201
10204
10207
10210
10214
10218
10222
10226
10229
10233
10236
10239
10242
10245
10249
10252
10256
10259
10262
10265
10269
10272
10275
10278
10281
10283
10285
10287
10289
10291
10293
10295
10297
10299
10301
10303
10305
10307
10309
10311
10313
10315
10317
10319
10321
10323
10325
10327
10329
10331
10333
10335
10337
10339
10341
10345
10347
10349
10351
10355
10357
10359
10362
10364
10366
10368
10372
10374
10377
10380
