69
71
73
75
77
78
80
82
84
86
88
90
93
96
99
102
104
106
108
110
112
114
116
119
122
125
128
131
134
137
140
143
146
149
151
153
155
157
159
161
164
166
169
172
175
177
179
180
182
184
186
188
190
192
194
196
198
200
202
204
206
208
210
213
215
217
219
221
223
225
227
229
231
233
235
237
239
241
243
245
247
249
251
253
256
258
260
262
264
266
268
271
273
276
279
281
283
285
288
291
294
296
299
302
305
308
310
313
315
317
319
321
323
325
327
329
331
333
335
338
341
343
345
347
350
352
354
356
358
360
362
364
366
368
370
372
374
376
378
380
382
384
386
387
389
391
393
395
397
399
401
403
406
408
410
412
414
416
418
420
422
424
426
428
430
432
434
436
438
440
442
444
446
448
450
452
454
456
458
460
462
464
466
468
470
472
474
476
478
480
482
484
486
488
490
492
494
496
498
500
502
504
506
508
510
512
514
516
518
520
522
524
526
528
530
532
534
536
538
540
542
544
546
548
550
552
554
556
558
560
562
564
566
568
570
572
575
578
581
583
585
587
589
591
593
595
597
599
601
603
605
607
609
611
613
615
617
619
621
624
627
630
633
636
638
640
642
644
647
649
651
653
654
655
656
657
658
659
661
663
665
667
669
671
674
676
678
680
682
684
686
689
691
693
695
697
699
701
703
705
708
711
714
717
720
723
726
729
732
734
737
739
741
744
746
748
750
752
754
756
758
761
763
765
767
770
773
776
779
781
784
786
788
791
795
799
803
808
815
824
839
1137
1144
1149
1154
1158
1161
1164
1166
1169
1172
1176
1181
1183
1186
1188
1190
1192
1193
1196
1199
1203
1208
1213
1218
1221
1225
1229
1233
1236
1239
1241
1243
1245
1247
1249
1251
1253
1255
1257
1259
1261
1263
1265
1267
1269
1271
1273
1276
1277
1280
1282
1283
1285
1287
1289
1291
1293
1295
1297
1299
1301
1303
1305
1307
1309
1311
1313
1315
1317
1319
1321
1323
1325
1327
1330
1332
1334
1336
1338
1341
1343
1345
1347
1349
1351
1353
1355
1357
1359
1361
1363
1365
1367
1369
1371
1374
1377
1380
1382
1384
1386
1388
1390
1392
1394
1396
1398
1400
1402
1404
1407
1410
1413
1416
1419
1422
1425
1428
1431
1434
1437
1440
1443
1446
1449
1452
1455
1458
1461
1464
1467
1470
1472
1475
1477
1480
1482
1484
1486
1488
1490
1492
1494
1496
1498
1500
1502
1504
1506
1508
1510
1512
1514
1516
1518
1520
1522
1524
1526
1528
1531
1533
1535
1537
1539
1541
1543
1545
1547
1549
1551
1553
1555
1557
1559
1561
1563
1565
1567
1569
1571
1573
1575
1577
1579
1581
1583
1585
1587
1589
1591
1593
1595
1597
1599
1601
1603
1605
1607
1609
1611
1613
1615
1617
1619
1621
1623
1625
1627
1629
1631
1633
1635
1637
1639
1641
1643
1645
1647
1649
1651
1653
1655
1657
1659
1661
1663
1665
1667
1670
1673
1676
1679
1682
1685
1688
1692
1695
1697
1700
1703
1706
1708
1709
1711
1713
1715
1718
1721
1724
1727
1730
1732
1734
1736
1738
1740
1742
1744
1746
1748
1750
1752
1754
1756
1758
1760
1762
1764
1766
1768
1771
1774
1777
1780
1783
1786
1789
1793
1796
1799
1801
1803
1805
1807
1809
1812
1815
1818
1820
1823
1826
1829
1832
1834
1837
1840
1843
1845
1847
1850
1853
1856
1859
1861
1864
1866
1869
1871
1874
1876
1879
1880
1882
1884
1886
1888
1890
1892
1894
1896
1898
1900
1902
1904
1906
1908
1909
1911
1913
1915
1918
1920
1922
1924
1926
1928
1930
1932
1934
1936
1938
1940
1942
1944
1946
1948
1950
1952
1954
1956
1958
1960
1962
1964
1967
1970
1972
1975
1977
1979
1981
1983
1985
1987
1989
1991
1993
1995
1997
1999
2001
2003
2005
2007
2010
2013
2016
2019
2022
2024
2026
2028
2030
2032
2034
2036
2038
2040
2042
2044
2046
2048
2050
2052
2054
2056
2058
2060
2062
2064
2066
2068
2070
2072
2074
2076
2078
2080
2082
2085
2088
2091
2094
2096
2099
2102
2105
2108
2111
2114
2117
2120
2122
2124
2127
2130
2133
2135
2137
2139
2142
2145
2148
2151
2155
2158
2160
2162
2165
2167
2169
2172
2175
2178
2180
2182
2184
2186
2187
2189
2191
2193
2195
2197
2198
2200
2202
2203
2205
2207
2209
2212
2214
2218
2222
2224
2227
2229
2231
2233
2235
2237
2239
2241
2243
2245
2247
2249
2251
2253
2255
2257
2259
2261
2263
2265
2267
2269
2271
2273
2275
2277
2279
2282
2285
2288
2290
2293
2295
2297
2299
2301
2304
2308
2311
2314
2317
2320
2323
2326
2329
2332
2335
2338
2341
2344
2346
2348
2350
2351
2354
2356
2358
2360
2362
2364
2366
2368
2370
2372
2374
2376
2378
2379
2380
2382
2384
2386
2388
2390
2392
2394
2396
2398
2400
2402
2404
2407
2409
2412
2414
2416
2418
2420
2422
2424
2427
2430
2433
2436
2439
2442
2445
2449
2453
2456
2459
2462
2465
2468
2471
2474
2477
2480
2483
2486
2489
2491
2493
2495
2497
2499
2502
2505
2508
2511
2514
2517
2520
2523
2527
2530
2532
2535
2537
2539
2542
2545
2548
2551
2554
2557
2560
2563
2566
2569
2572
2575
2578
2581
2584
2587
2590
2593
2597
2601
2606
2611
2617
2624
2632
2641
2649
2655
2659
2662
2664
2666
2668
2670
2672
2674
2676
2678
2680
2682
2683
2685
2687
2689
2691
2693
2695
2697
2699
2701
2703
2705
2707
2709
2711
2713
2715
2717
2719
2721
2723
2725
2727
2729
2731
2734
2736
2738
2740
2742
2744
2747
2749
2751
2753
2755
2757
2759
2761
2763
2765
2767
2769
2771
2773
2775
2777
2779
2781
2783
2785
2787
2789
2791
2793
2795
2797
2799
2801
2803
2805
2807
2809
2811
2813
2815
2817
2819
2821
2823
2825
2827
2829
2831
2833
2835
2837
2839
2841
2843
2845
2847
2849
2851
2853
2855
2857
2859
2861
2863
2865
2867
2869
2871
2873
2875
2877
2879
2881
2883
2885
2887
2889
2891
2893
2895
2897
2899
2901
2903
2905
2907
2909
2911
2913
2915
2917
2919
2921
2923
2925
2926
2928
2930
2931
2933
2935
2936
2938
2940
2941
2943
2945
2946
2949
2951
2952
2954
2956
2958
2960
2961
2963
2965
2966
2968
2970
2971
2973
2975
2976
2978
2980
2982
2984
2986
2988
2990
2991
2993
2995
2997
2999
3001
3004
3006
3008
3010
3012
3014
3016
3018
3020
3022
3024
3026
3028
3030
3032
3034
3036
3038
3040
3042
3044
3046
3048
3050
3052
3054
3056
3058
3060
3062
3064
3066
3068
3070
3073
3076
3079
3082
3085
3088
3090
3092
3095
3098
3101
3105
3109
3113
3118
3123
3135
3191
3632
3641
3647
3653
3659
3663
3667
3670
3673
3676
3678
3681
3684
3688
3692
3696
3700
3704
3708
3712
3716
3720
3724
3727
3730
3734
3738
3743
3748
3753
3758
3762
3766
3770
3773
3777
3780
3784
3788
3791
3795
3799
3802
3805
3808
3810
3813
3815
3818
3821
3825
3828
3831
3833
3837
3840
3843
3846
3849
3854
3857
3861
3865
3868
3871
3875
3879
3881
3884
3886
3889
3891
3894
3896
3899
3902
3904
3907
3909
3912
3914
3917
3919
3922
3925
3928
3930
3933
3936
3939
3942
3945
3948
3950
3952
3954
3956
3959
3961
3964
3967
3969
3971
3974
3977
3980
3983
3985
3988
3991
3994
3997
3999
4002
4004
4007
4010
4013
4016
4019
4022
4025
4028
4031
4034
4037
4040
4043
4046
4049
4052
4055
4057
4060
4063
4067
4071
4073
4076
4080
4084
4088
4092
4097
4102
4106
4111
4115
4120
4124
4128
4132
4136
4141
4146
4151
4156
4161
4165
4169
4173
4177
4181
4186
4190
4194
4197
4201
4205
4209
4212
4216
4221
4227
4233
4240
4245
4249
4251
4254
4255
4257
4259
4260
4262
4264
4266
4268
4270
4272
4274
4275
4276
4278
4279
4281
4283
4285
4287
4289
4291
4293
4295
4297
4299
4302
4305
4308
4311
4316
4321
4326
4333
4339
4345
4352
4358
4364
4369
4374
4379
4384
4388
4392
4396
4399
4402
4405
4408
4411
4414
4416
4419
4422
4425
4428
4431
4434
4437
4440
4443
4446
4449
4453
4456
4459
4462
4464
4467
4469
4472
4475
4478
4480
4483
4486
4490
4493
4496
4498
4501
4503
4506
4508
4511
4514
4517
4520
4523
4526
4529
4532
4534
4537
4540
4544
4547
4550
4552
4555
4557
4560
4562
4565
4567
4570
4572
4575
4578
4582
4586
4589
4594
4599
4603
4607
4611
4615
4618
4621
4623
4627
4629
4633
4637
4641
4645
4649
4653
4658
4663
4668
4673
4678
4683
4688
4693
4698
4703
4708
4713
4718
4722
4726
4731
4736
4740
4744
4747
4752
4756
4760
4764
4768
4773
4779
4785
4792
4799
4805
4811
4818
4829
4842
4850
4858
4873
4900
4912
4915
5015
5023
5032
5047
5055
5064
5073
5081
5088
5095
5101
5107
5113
5118
5123
5126
5129
5133
5136
5139
5141
5144
5146
5149
5151
5154
5156
5159
5161
5164
5167
5170
5172
5174
5176
5178
5180
5183
5186
5189
5191
5193
5196
5199
5202
5204
5207
5209
5211
5214
5217
5220
5223
5226
5229
5232
5235
5238
5241
5244
5247
5250
5253
5256
5259
5262
5265
5268
5271
5274
5277
5280
5283
5287
5291
5294
5297
5301
5305
5309
5313
5316
5319
5322
5325
5328
5331
5334
5337
5340
5343
5346
5348
5351
5354
5357
5359
5361
5363
5365
5367
5369
5371
5373
5375
5377
5379
5382
5385
5388
5391
5393
5395
5398
5400
5402
5404
5406
5409
5412
5415
5418
5421
5424
5426
5429
5432
5435
5438
5441
5444
5446
5448
5450
5452
5455
5457
5459
5462
5465
5467
5469
5471
5473
5475
5477
5479
5481
5483
5485
5487
5489
5491
5493
5495
5497
5499
5501
5503
5505
5507
5509
5511
5513
5516
5518
5520
5522
5524
5526
5528
5530
5532
5534
5536
5538
5540
5542
5544
5547
5549
5551
5552
5554
5556
5558
5559
5561
5563
5565
5567
5569
5571
5573
5574
5576
5577
5579
5581
5583
5585
5587
5589
5591
5593
5595
5597
5599
5601
5603
5605
5607
5609
5611
5613
5615
5617
5619
5621
5623
5625
5627
5629
5631
5633
5635
5637
5639
5641
5643
5645
5647
5649
5651
5653
5655
5657
5659
5661
5663
5665
5667
5669
5671
5674
5676
5678
5679
5681
5683
5685
5687
5689
5691
5693
5695
5697
5699
5701
5703
5705
5708
5710
5713
5716
5718
5720
5722
5724
5726
5729
5732
5734
5736
5738
5740
5742
5744
5746
5748
5750
5752
5754
5756
5758
5760
5762
5764
5766
5768
5770
5772
5774
5776
5778
5780
5782
5784
5786
5788
5790
5792
5795
5798
5801
5803
5805
5807
5809
5811
5813
5815
5817
5819
5822
5824
5827
5829
5831
5833
5835
5837
5839
5841
5843
5845
5847
5849
5851
5853
5855
5858
5861
5864
5867
5870
5873
5876
5879
5882
5885
5889
5892
5896
5900
5904
5909
5915
5921
5926
5933
5937
5943
5950
5958
5971
6076
6090
6096
6101
6106
6110
6113
6117
6121
6124
6128
6131
6134
6137
6139
6141
6143
6145
6147
6149
6151
6153
6155
6157
6159
6161
6163
6165
6167
6170
6173
6176
6179
6183
6186
6189
6192
6195
6198
6201
6203
6206
6208
6211
6213
6216
6218
6221
6224
6227
6231
6234
6237
6240
6243
6246
6249
6253
6257
6261
6265
6270
6275
6280
6286
6293
6301
6307
6313
6318
6323
6329
6336
6342
6348
6353
6357
6364
6372
6377
6383
6391
6399
6407
6417
6425
6432
6439
6446
6453
6459
6464
6467
6471
6475
6478
6481
6485
6488
6491
6494
6497
6500
6502
6505
6508
6511
6514
6517
6519
6522
6524
6527
6529
6532
6535
6538
6540
6542
6544
6546
6548
6549
6550
6551
6552
6553
6554
6555
6557
6558
6559
6560
6562
6564
6565
6570
6571
6572
6575
6579
6582
6584
6587
6589
6591
6594
6596
6598
6600
6602
6604
6606
6608
6610
6612
6614
6616
6618
6620
6622
6624
6626
6628
6630
6632
6634
6636
6638
6640
6642
6644
6646
6648
6650
6652
6654
6656
6658
6660
6662
6664
6666
6668
6670
6672
6674
6676
6678
6680
6682
6684
6686
6688
6690
6692
6694
6696
6698
6700
6702
6704
6706
6708
6710
6712
6714
6716
6718
6720
6722
6724
6726
6728
6730
6732
6734
6736
6738
6740
6742
6744
6746
6748
6750
6752
6754
6756
6758
6760
6762
6764
6766
6768
6770
6772
6774
6776
6778
6780
6782
6784
6786
6788
6790
6792
6794
6796
6798
6800
6802
6804
6806
6807
6808
6810
6812
6814
6816
6818
6820
6822
6824
6826
6828
6830
6832
6834
6836
6838
6840
6842
6844
6846
6848
6850
6852
6854
6857
6860
6863
6866
6868
6871
6874
6877
6879
6881
6883
6885
6887
6890
6893
6895
6897
6899
6902
6905
6908
6911
6914
6916
6919
6921
6923
6926
6929
6932
6935
6938
6941
6943
6945
6947
6950
6953
6955
6958
6961
6964
6967
6970
6973
6976
6979
6981
6983
6985
6987
6990
6993
6996
6999
7002
7005
7007
7009
7012
7015
7018
7021
7024
7027
7030
7033
7036
7039
7042
7045
7048
7051
7054
7057
7060
7063
7066
7069
7072
7075
7079
7083
7087
7092
7097
7102
7107
7112
7116
7120
7123
7126
7129
7131
7133
7135
7137
7139
7141
7143
7145
7147
7149
7151
7153
7155
7157
7159
7161
7163
7166
7169
7172
7174
7176
7178
7181
7184
7187
7190
7193
7195
7198
7201
7203
7206
7209
7212
7215
7218
7221
7223
7226
7228
7231
7234
7237
7239
7241
7243
7245
7247
7249
7251
7253
7255
7257
7259
7261
7264
7267
7269
7272
7275
7278
7280
7282
7284
7287
7290
7293
7296
7299
7301
7304
7306
7308
7310
7312
7315
7318
7320
7322
7324
7327
7330
7333
7336
7339
7342
7345
7349
7353
7355
7358
7360
7363
7365
7369
7371
7374
7375
7378
7380
7383
7385
7388
7390
7393
7395
7398
7400
7403
7405
7408
7411
7414
7417
7420
7424
7426
7429
7431
7433
7435
7437
7439
7442
7443
7446
7448
7451
7455
7459
7464
7470
7479
7575
7653
7666
7671
7674
7677
7679
7681
7683
7685
7687
7689
7690
7692
7694
7696
7697
7699
7701
7704
7707
7709
7712
7714
7716
7718
7719
7722
7723
7725
7727
7729
7731
7733
7734
7736
7738
7740
7742
7745
7748
7750
7752
7753
7755
7757
7758
7759
7761
7763
7765
7766
7768
7770
7772
7775
7777
7780
7783
7786
7789
7792
7795
7798
7801
7804
7807
7810
7813
7816
7819
7822
7825
7828
7830
7833
7835
7837
7840
7843
7845
7847
7849
7851
7853
7855
7858
7861
7864
7867
7870
7873
7876
7879
7882
7885
7888
7891
7894
7897
7900
7903
7906
7909
7912
7914
7916
7918
7920
7922
7924
7926
7928
7930
7932
7934
7936
7938
7940
7942
7944
7946
7949
7952
7954
7956
7958
7960
7962
7964
7966
7968
7971
7973
7976
7979
7982
7985
7988
7991
7994
7997
7999
8002
8005
8007
8010
8013
8016
8019
8022
8025
8027
8028
8031
8034
8036
8038
8039
8041
8043
8045
8047
8049
8050
8052
8054
8055
8057
8059
8060
8063
8065
8068
8070
8072
8074
8076
8078
8079
8081
8083
8085
8088
8090
8091
8094
8096
8099
8102
8105
8108
8112
8115
8119
8123
8126
8130
8134
8137
8140
8143
8145
8148
8151
8152
8153
8156
8160
8163
8167
8171
8174
8177
8180
8183
8186
8189
8192
8195
8199
8204
8210
8218
8228
8616
8618
9094
9104
9113
9119
9124
9128
9131
9134
9138
9141
9144
9147
9150
9152
9155
9159
9163
9167
9171
9175
9178
9181
9184
9187
9189
9191
9193
9195
9197
9199
9201
9203
9205
9209
9211
9213
9215
9217
9219
9223
9225
9229
