103
105
107
110
112
115
118
120
122
124
126
128
130
133
135
137
139
141
143
145
147
149
151
153
155
157
159
161
163
165
167
171
173
175
177
179
181
185
187
189
193
304
306
308
310
312
314
316
318
320
322
324
326
328
330
332
334
336
338
340
342
344
346
348
350
352
354
356
358
360
362
364
366
368
370
372
374
376
378
380
382
384
386
388
390
392
394
396
398
400
402
404
406
408
410
412
414
416
418
420
422
424
426
428
430
432
434
436
438
440
442
444
446
448
450
452
454
456
458
460
462
464
466
468
470
472
474
476
478
480
482
484
486
488
490
492
494
496
498
500
502
503
505
507
509
511
513
515
517
519
521
523
525
527
529
531
533
535
537
539
540
542
544
546
548
550
552
554
556
558
560
562
564
565
567
569
571
573
575
577
579
581
583
585
587
589
591
593
595
597
599
601
603
605
607
609
611
613
615
617
619
621
623
624
626
627
628
630
632
634
636
638
640
642
644
646
648
650
652
654
656
658
660
662
664
666
668
670
672
674
676
678
680
682
684
686
688
690
692
693
695
697
699
701
703
705
707
709
710
711
712
713
714
715
717
719
721
723
725
727
729
731
732
734
735
737
739
741
743
745
747
749
751
753
755
757
759
761
763
765
767
769
771
772
774
776
778
780
782
784
786
788
789
790
792
794
796
797
799
801
803
805
807
809
810
812
814
816
818
820
822
824
825
827
828
829
830
832
834
836
838
840
842
844
846
848
849
851
852
854
856
858
860
862
864
866
867
869
871
873
875
877
879
881
883
885
887
889
891
893
895
897
899
901
903
905
907
909
910
912
914
916
918
920
922
924
926
927
929
930
932
934
936
938
940
942
944
946
947
949
951
953
955
957
959
961
963
965
967
969
971
973
975
977
979
981
983
985
987
989
991
992
994
996
998
1000
1002
1004
1006
1008
1009
1011
1013
1015
1017
1019
1021
1023
1025
1027
1029
1031
1033
1035
1037
1039
1041
1043
1045
1047
1049
1051
1053
1055
1057
1059
1061
1063
1065
1066
1068
1070
1072
1074
1076
1078
1080
1082
1084
1086
1087
1088
1090
1091
1092
1094
1095
1096
1097
1098
1099
1100
1102
1103
1104
1105
1106
1107
1108
1109
1111
1113
1114
1115
1117
1119
1121
1123
1125
1127
1128
1129
1131
1132
1133
1135
1137
1139
1141
1143
1145
1147
1149
1150
1151
1152
1153
1154
1156
1157
1159
1161
1163
1165
1167
1169
1170
1171
1172
1173
1175
1176
1177
1179
1181
1182
1183
1185
1187
1189
1191
1192
1193
1195
1196
1197
1198
1199
1201
1202
1204
1206
1208
1210
1212
1214
1215
1217
1218
1219
1221
1222
1223
1225
1227
1229
1230
1232
1233
1234
1236
1237
1239
1240
1242
1244
1246
1248
1250
1252
1254
1256
1257
1258
1260
1261
1263
1265
1267
1269
1271
1273
1275
1276
1278
1279
1281
1283
1285
1287
1289
1291
1293
1295
1296
1297
1298
1299
1300
1302
1303
1304
1305
1306
1308
1310
1312
1314
1316
1318
1320
1322
1324
1326
1328
1330
1332
1334
1336
1337
1339
1340
1342
1344
1346
1348
1350
1351
1353
1354
1355
1357
1358
1359
1361
1363
1365
1367
1369
1371
1373
1375
1377
1378
1379
1380
1382
1383
1385
1387
1389
1390
1392
1394
1395
1398
1402
1406
1412
1419
1424
1427
1430
1432
1434
1436
1438
1440
1442
1444
1446
1448
1450
1452
1453
1455
1457
1459
1461
1463
1465
1467
1469
1471
1473
1475
1476
1477
1479
1481
1483
1485
1489
1491
1493
1495
1497
1501
1503
1507
1634
1636
1637
1638
1639
1640
1641
1642
1643
1644
1645
1647
1649
1650
1652
1654
1656
1658
1660
1662
1664
1666
1668
1670
1672
1674
1676
1678
1680
1682
1684
1686
1688
1690
1692
1694
1696
1698
1700
1702
1704
1706
1708
1710
1712
1714
1715
1716
1717
1718
1719
1721
1723
1725
1727
1729
1731
1733
1735
1737
1739
1741
1743
1744
1745
1747
1749
1751
1753
1755
1757
1759
1761
1762
1764
1766
1768
1770
1772
1774
1776
1778
1779
1781
1783
1785
1787
1789
1791
1793
1795
1797
1799
1801
1803
1804
1806
1808
1810
1812
1814
1816
1818
1820
1821
1823
1825
1827
1829
1831
1833
1835
1837
1839
1841
1842
1843
1845
1847
1849
1851
1853
1855
1857
1859
1861
1863
1865
1867
1869
1871
1873
1875
1877
1879
1881
1883
1885
1887
1889
1891
1893
1895
1897
1899
1901
1903
1905
1907
1909
1911
1913
1915
1917
1919
1921
1923
1925
1927
1929
1931
1933
1935
1937
1939
1941
1943
1945
1947
1949
1951
1953
1955
1957
1959
1960
1962
1964
1966
1968
1970
1972
1974
1976
1978
1980
1982
1984
1986
1988
1990
1991
1993
1995
1997
1999
2001
2003
2004
2006
2008
2010
2012
2014
2016
2018
2019
2021
2023
2025
2026
2028
2030
2032
2034
2036
2038
2040
2042
2044
2046
2048
2050
2052
2054
2056
2058
2060
2062
2064
2065
2067
2069
2071
2073
2075
2077
2079
2081
2083
2084
2085
2086
2088
2090
2092
2094
2096
2098
2100
2102
2104
2105
2107
2109
2111
2113
2115
2117
2119
2121
2122
2124
2126
2128
2130
2132
2134
2136
2138
2140
2142
2144
2146
2148
2150
2152
2154
2156
2158
2160
2161
2163
2165
2167
2169
2171
2173
2175
2177
2179
2181
2183
2184
2186
2187
2189
2191
2193
2195
2197
2199
2201
2203
2205
2207
2209
2211
2213
2215
2217
2219
2221
2223
2225
2227
2229
2231
2233
2235
2237
2239
2241
2243
2245
2247
2249
2251
2252
2254
2256
2258
2260
2261
2263
2265
2267
2269
2270
2272
2274
2276
2278
2280
2282
2284
2285
2287
2289
2291
2293
2295
2297
2299
2301
2303
2305
2307
2309
2311
2313
2315
2317
2319
2321
2323
2325
2326
2328
2329
2331
2332
2334
2336
2338
2340
2342
2344
2346
2348
2350
2352
2354
2356
2358
2360
2362
2364
2366
2367
2368
2369
2371
2373
2375
2377
2379
2381
2383
2385
2387
2389
2391
2393
2395
2397
2399
2401
2403
2405
2407
2409
2411
2413
2414
2416
2418
2420
2422
2424
2426
2428
2430
2431
2433
2434
2436
2438
2440
2442
2444
2445
2446
2447
2449
2451
2453
2455
2457
2459
2461
2462
2463
2465
2467
2469
2471
2473
2475
2477
2479
2481
2483
2485
2487
2489
2491
2493
2495
2497
2499
2501
2503
2504
2506
2508
2510
2512
2514
2516
2518
2520
2522
2523
2524
2525
2526
2527
2528
2529
2530
2532
2533
2534
2536
2538
2540
2541
2542
2543
2544
2546
2547
2548
2550
2551
2552
2554
2555
2557
2559
2561
2563
2565
2566
2567
2569
2570
2572
2574
2576
2578
2580
2581
2582
2584
2585
2587
2588
2590
2591
2592
2594
2596
2598
2600
2602
2604
2606
2608
2610
2611
2613
2615
2617
2619
2621
2622
2623
2624
2625
2626
2627
2628
2629
2630
2632
2634
2636
2638
2640
2642
2644
2646
2648
2650
2652
2654
2656
2658
2660
2662
2664
2666
2668
2670
2672
2674
2676
2678
2680
2682
2683
2685
2686
2687
2689
2690
2692
2694
2696
2698
2700
2702
2704
2705
2707
2708
2709
2710
2711
2712
2714
2715
2717
2718
2719
2720
2721
2723
2724
2726
2727
2729
2730
2732
2734
2736
2738
2740
2742
2743
2745
2747
2749
2751
2753
2755
2757
2759
2761
2763
2764
2765
2767
2769
2770
2772
2774
2776
2778
2780
2782
2784
2786
2787
2789
2791
2792
2794
2796
2798
2800
2802
2804
2806
2808
2810
2812
2814
2816
2818
2820
2822
2824
2826
2828
2829
2830
2832
2834
2836
2838
2840
2842
2844
2845
2847
2848
2849
2850
2851
2853
2855
2857
2859
2861
2863
2864
2866
2868
2870
2871
2873
2874
2876
2878
2880
2882
2884
2886
2888
2890
2892
2894
2895
2896
2897
2898
2899
2901
2903
2905
2907
2909
2911
2913
2914
2916
2918
2919
2920
2922
2923
2925
2927
2929
2931
2933
2934
2936
2938
2940
2942
2944
2946
2948
2950
2952
2954
2956
2958
2959
2960
2961
2963
2964
2965
2967
2969
2971
2973
2975
2977
2979
2981
2983
2985
2987
2989
2991
2993
2995
2997
2999
3001
3003
3005
3007
3009
3011
3013
3015
3017
3018
3020
3022
3024
3026
3028
3030
3032
3034
3036
3038
3039
3041
3043
3045
3047
3049
3051
3053
3055
3056
3057
3058
3059
3060
3062
3064
3066
3068
3069
3071
3073
3075
3077
3079
3080
3082
3083
3084
3086
3088
3090
3092
3094
3095
3096
3097
3098
3100
3101
3102
3103
3105
3106
3107
3109
3110
3112
3113
3115
3117
3119
3121
3123
3125
3127
3129
3130
3132
3134
3135
3137
3139
3141
3143
3145
3147
3149
3151
3153
3155
3157
3159
3161
3162
3163
3164
3166
3168
3170
3172
3174
3176
3177
3179
3181
3182
3183
3185
3187
3189
3191
3193
3195
3197
3198
3200
3201
3203
3205
3207
3209
3211
3213
3215
3216
3217
3218
3219
3221
3223
3225
3227
3229
3231
3233
3234
3236
3342
3343
3344
3345
3347
3349
3351
3353
3354
3355
3357
3359
3360
3362
3364
3365
3367
3368
3369
3371
3372
3373
3375
3376
3378
3379
3380
3381
3382
3384
3386
3388
3390
3392
3394
3396
3398
3400
3402
3404
3406
3408
3410
3412
3414
3416
3418
3420
3422
3424
3426
3428
3430
3432
3434
3436
3438
3439
3441
3443
3445
3447
3449
3451
3453
3454
3455
3457
3458
3460
3462
3464
3466
3468
3470
3472
3473
3475
3477
3478
3480
3482
3484
3486
3488
3490
3492
3494
3496
3498
3500
3502
3504
3506
3508
3510
3512
3514
3516
3518
3520
3522
3524
3526
3528
3530
3532
3534
3536
3538
3540
3542
3544
3546
3548
3550
3552
3554
3556
3558
3560
3562
3564
3566
3568
3570
3571
3573
3575
3577
3579
3581
3583
3585
3587
3589
3591
3593
3595
3597
3599
3601
3603
3605
3606
3608
3610
3612
3614
3616
3618
3620
3622
3624
3626
3628
3630
3632
3634
3636
3638
3640
3642
3644
3645
3647
3648
3650
3651
3653
3655
3657
3658
3660
3662
3663
3664
3665
3667
3668
3669
3670
3671
3672
3673
3674
3676
3677
3679
3680
3681
3683
3685
3686
3688
3690
3692
3694
3696
3698
3700
3701
3703
3705
3707
3709
3711
3713
3715
3717
3718
3720
3722
3724
3726
3728
3730
3732
3734
3736
3738
3740
3742
3744
3746
3748
3750
3752
3754
3755
3757
3759
3761
3763
3765
3767
3769
3771
3773
3775
3777
3779
3781
3783
3785
3787
3789
3791
3793
3794
3796
3797
3799
3801
3803
3805
3807
3809
3811
3813
3815
3817
3818
3820
3822
3824
3826
3828
3829
3831
3833
3835
3837
3839
3841
3843
3845
3847
3849
3851
3853
3855
3857
3859
3861
3862
3864
3865
3867
3869
3871
3873
3875
3877
3879
3881
3883
3885
3887
3889
3891
3892
3894
3896
3898
3900
3902
3904
3906
3908
3910
3912
3914
3916
3918
3920
3922
3924
3926
3928
3930
3932
3934
3935
3937
3938
3940
3942
3943
3944
3945
3946
3947
3948
3950
3952
3953
3954
3955
3956
3957
3958
3959
3961
3963
3964
3965
3967
3968
3969
3970
3971
3972
3973
3974
3976
3977
3978
3979
3981
3983
3984
3985
3986
3987
3988
3989
3990
3991
3993
3994
3995
3997
3999
4001
4003
4005
4007
4009
4011
4012
4013
4014
4016
4018
4020
4022
4024
4025
4027
4028
4030
4031
4032
4034
4035
4037
4039
4041
4043
4045
4047
4049
4051
4053
4055
4057
4059
4061
4063
4065
4066
4067
4069
4070
4072
4073
4075
4077
4079
4081
4083
4085
4087
4089
4091
4093
4095
4097
4099
4101
4103
4105
4107
4109
4110
4111
4113
4115
4116
4117
4119
4121
4123
4125
4126
4127
4128
4129
4130
4131
4132
4133
4135
4136
4137
4139
4140
4141
4143
4145
4146
4147
4149
4150
4152
4153
4155
4157
4159
4161
4163
4165
4167
4169
4170
4172
4174
4176
4178
4180
4182
4184
4185
4186
4187
4188
4189
4191
4192
4193
4194
4196
4197
4198
4199
4200
4202
4203
4204
4205
4206
4207
4208
4209
4210
4211
4212
4213
4214
4215
4216
4217
4218
4219
4220
4221
4222
4223
4224
4225
4226
4227
4228
4230
4232
4234
4236
4237
4238
4239
4240
4242
4243
4244
4245
4246
4247
4248
4250
4251
4252
4253
4254
4255
4256
4258
4259
4260
4261
4262
4263
4264
4265
4266
4267
4268
4269
4270
4271
4272
4273
4274
4275
4276
4277
4278
4279
4280
4281
4282
4283
4284
4285
4286
4287
4288
4289
4290
4291
4292
4293
4294
4295
4296
4297
4298
4300
4301
4303
4304
4306
4308
4310
4312
4313
4315
4316
4317
4319
4321
4322
4323
4324
4325
4326
4327
4328
4329
4331
4332
4333
4334
4335
4336
4337
4338
4339
4341
4343
4344
4346
4348
4350
4352
4354
4356
4357
4359
4361
4363
4365
4367
4369
4371
4372
4373
4374
4375
4376
4377
4378
4379
4381
4383
4385
4386
4388
4389
4390
4391
4393
4394
4395
4396
4397
4398
4399
4400
4401
4402
4404
4406
4408
4410
4411
4413
4414
4415
4416
4417
4418
4419
4420
4422
4424
4426
4428
4430
4431
4433
4434
4435
4437
4439
4440
4442
4444
4446
4447
4448
4449
4450
4451
4452
4453
4455
4456
4457
4459
4461
4462
4464
4466
4468
4470
4472
4473
4474
4475
4477
4479
4481
4483
4485
4486
4488
4489
4491
4493
4494
4495
4496
4497
4499
4500
4502
4504
4506
4508
4510
4511
4512
4513
4514
4515
4516
4517
4518
4519
4520
4521
4522
4523
4524
4525
4526
4527
4528
4529
4530
4531
4532
4533
4534
4535
4536
4537
4538
4539
4540
4541
4542
4543
4544
4545
4546
4548
4549
4551
4552
4553
4554
4555
4556
4557
4558
4559
4560
4561
4562
4563
4564
4565
4566
4567
4568
4570
4572
4574
4575
4576
4577
4579
4580
4581
4583
4585
4586
4587
4589
4590
4591
4593
4594
4595
4596
4597
4598
4599
4600
4601
4602
4603
4604
4605
4606
4607
4608
4609
4610
4611
4612
4613
4614
4615
4616
4617
4618
4619
4620
4621
4623
4625
4627
4629
4631
4632
4633
4634
4635
4636
4638
4639
4640
4641
4642
4644
4646
4648
4650
4651
4653
4654
4655
4656
4657
4658
4659
4660
4661
4663
4665
4667
4669
4671
4673
4674
4676
4677
4679
4680
4682
4684
4686
4688
4690
4692
4694
4696
4697
4698
4700
4702
4703
4704
4706
4708
4710
4712
4714
4716
4717
4718
4719
4720
4721
4722
4723
4725
4727
4729
4730
4732
4733
4735
4736
4737
4738
4739
4741
4743
4745
4747
4749
4751
4753
4754
4756
4757
4759
4761
4762
4764
4766
4768
4770
4772
4774
4776
4778
4780
4782
4784
4786
4788
4790
4791
4793
4795
4797
4799
4801
4803
4805
4807
4809
4810
4812
4814
4816
4818
4820
4822
4824
4826
4828
4830
4832
4833
4835
4904
4905
4906
4908
4910
4912
4914
4916
4918
4919
4920
4922
4924
4926
4927
4929
4931
4933
4935
4937
4938
4939
4940
4941
4943
4944
4946
4948
4949
4950
4951
4953
4954
4955
4956
4958
4959
4961
4962
4964
4966
4968
4970
4972
4974
4976
4978
4980
4982
4984
4986
4988
4990
4992
4994
4996
4998
5000
5002
5004
5006
5009
5011
5013
5015
5017
5019
5021
5023
5025
5027
5029
5031
5033
5035
5037
5039
5041
5043
5045
5047
5049
5051
5053
5055
5057
5059
5061
5063
5065
5067
5068
5069
5070
5071
5072
5073
5074
5075
5076
5077
5078
5079
5080
