56
57
58
59
60
61
62
64
65
66
67
68
69
70
71
72
73
74
75
76
77
78
79
81
82
84
86
87
89
91
93
95
96
97
98
99
100
101
102
103
105
107
108
110
112
114
116
118
120
122
124
126
128
130
132
134
136
137
138
139
140
141
143
145
147
149
151
153
155
156
157
158
160
161
163
165
167
168
169
170
171
172
173
174
175
176
178
179
180
182
183
184
185
186
187
188
189
191
192
193
194
195
196
197
198
199
200
201
202
203
204
205
206
207
208
209
210
211
212
213
214
215
216
217
218
219
220
221
222
223
224
225
226
227
228
229
231
232
233
234
235
236
237
238
239
240
241
243
244
245
246
247
248
249
250
251
252
253
254
255
256
257
258
259
260
261
262
263
264
265
266
267
268
269
270
271
272
273
274
275
276
277
278
279
280
281
283
285
287
289
291
293
295
297
300
303
306
309
312
315
317
319
321
323
325
327
329
331
333
335
337
338
340
341
342
344
346
348
349
351
353
355
357
359
360
361
362
363
364
365
366
367
368
369
370
371
372
373
374
375
376
377
378
379
380
381
382
383
384
385
386
387
388
389
390
391
392
393
394
395
396
397
398
399
400
401
402
403
404
405
406
407
408
409
410
411
412
413
414
415
416
417
418
419
420
421
422
423
424
425
426
427
428
429
430
431
433
434
435
436
437
438
439
440
442
444
446
448
450
452
454
456
458
460
462
464
466
468
470
472
474
475
477
479
481
483
485
487
489
491
492
494
495
496
497
498
499
501
502
503
505
506
508
510
511
513
514
516
518
520
522
524
525
526
527
528
529
531
532
533
535
537
539
541
543
544
545
546
547
548
549
550
551
552
553
554
555
556
557
558
559
560
561
562
563
564
565
566
567
568
569
570
571
572
573
574
575
576
577
578
579
580
581
582
583
584
585
586
587
588
589
590
591
592
593
594
595
596
597
598
599
600
601
602
603
604
605
606
607
608
609
610
611
612
613
614
615
616
617
618
619
620
621
623
625
627
629
632
634
636
638
640
642
646
651
659
727
732
736
739
742
744
746
748
750
752
753
754
755
756
757
758
759
760
761
762
763
764
765
766
767
768
769
770
771
772
773
774
775
776
777
778
779
780
781
782
783
784
785
786
787
788
789
790
791
792
793
794
795
796
797
798
799
800
801
802
803
804
805
806
807
808
810
811
812
813
814
815
816
817
818
819
820
821
822
823
824
825
826
827
828
829
830
831
832
833
834
835
836
837
838
839
840
841
842
843
844
845
846
847
848
849
850
851
852
853
854
855
856
858
859
860
861
862
863
864
865
866
868
869
870
871
873
874
875
876
877
879
881
883
885
887
889
891
893
895
897
899
901
903
905
907
909
911
912
914
916
918
919
921
922
923
924
925
927
929
930
932
933
934
935
936
937
939
941
942
944
946
948
950
952
953
954
955
956
957
959
960
961
962
963
964
965
967
968
969
971
973
975
977
979
981
982
983
984
986
988
990
992
994
996
998
1000
1002
1004
1006
1008
1010
1012
1015
1017
1019
1022
1024
1026
1029
1036
1040
1044
1047
1050
1056
1058
1060
1064
1066
1068
1070
1072
1074
1076
1078
1080
