65
67
69
71
73
75
77
79
81
83
85
88
90
92
94
96
99
102
105
107
110
113
115
117
119
121
123
125
127
129
131
133
136
139
141
144
147
150
153
156
159
162
165
167
168
170
172
174
177
179
180
182
184
186
188
190
191
193
194
195
197
199
201
203
205
207
209
211
213
215
217
218
220
222
224
226
228
229
231
233
235
237
239
241
243
245
247
249
251
253
255
257
259
261
263
265
267
269
271
273
275
277
279
281
283
285
287
289
292
294
297
300
303
306
309
311
314
316
318
321
324
327
330
332
334
336
338
340
342
344
346
348
350
352
355
357
359
361
363
365
367
369
371
373
375
376
378
380
382
384
386
388
390
392
393
395
397
399
400
402
404
405
407
409
411
414
417
420
423
426
429
431
433
435
437
439
441
443
445
447
449
451
453
455
457
459
461
463
465
467
469
471
473
475
477
479
481
483
485
487
489
491
493
495
497
499
501
503
505
507
509
511
513
515
517
519
521
524
526
528
530
532
534
536
538
539
541
543
545
547
549
551
553
555
557
559
561
563
565
567
569
571
573
575
577
579
581
583
585
587
589
591
593
595
597
599
601
604
607
610
613
616
618
620
622
624
626
628
630
632
634
636
638
640
642
644
646
648
650
652
654
656
659
662
665
668
671
674
677
680
683
686
689
692
695
697
699
702
705
708
710
712
714
716
718
721
724
726
729
731
734
735
737
739
740
743
746
748
750
752
753
754
756
758
760
762
764
767
770
773
776
779
782
785
787
789
791
793
795
797
799
801
803
805
807
809
811
813
815
817
819
821
823
825
827
829
831
833
835
837
839
842
845
847
850
853
855
857
859
861
863
865
867
869
871
873
875
877
879
881
883
885
886
887
889
891
893
896
899
903
907
911
915
919
922
925
927
930
932
935
937
939
941
943
945
947
949
951
953
955
957
959
961
963
965
967
969
971
973
975
978
981
984
987
990
993
996
998
1000
1002
1005
1007
1009
1011
1013
1015
1017
1019
1021
1023
1025
1028
1031
1034
1037
1040
1043
1046
1048
1050
1052
1054
1056
1058
1060
1062
1064
1066
1069
1071
1073
1075
1077
1079
1081
1083
1086
1089
1092
1094
1096
1098
1100
1102
1104
1106
1109
1112
1115
1118
1121
1124
1127
1130
1133
1136
1139
1142
1145
1148
1151
1154
1157
1160
1163
1166
1169
1172
1175
1178
1181
1184
1187
1190
1193
1196
1199
1202
1205
1207
1209
1211
1213
1215
1217
1219
1221
1223
1225
1227
1229
1231
1233
1235
1238
1240
1243
1245
1247
1249
1251
1254
1257
1260
1262
1264
1266
1268
1270
1272
1274
1276
1278
1280
1282
1284
1286
1288
1290
1292
1294
1296
1298
1300
1302
1304
1306
1308
1311
1313
1315
1317
1319
1321
1323
1325
1327
1329
1331
1333
1335
1337
1339
1341
1343
1345
1347
1350
1352
1354
1356
1358
1359
1361
1363
1365
1367
1369
1371
1373
1375
1377
1379
1381
1383
1385
1388
1390
1392
1395
1397
1399
1401
1403
1405
1407
1409
1411
1413
1416
1419
1422
1425
1428
1432
1436
1440
1444
1448
1453
1458
1463
1470
1477
1486
1511
1516
1519
1556
1572
1594
1608
1613
1617
1620
1623
1626
1628
1630
1632
1634
1636
1637
1639
1640
1642
1644
1646
1648
1650
1652
1654
1656
1658
1660
1663
1666
1669
1672
1675
1679
1683
1687
1691
1695
1699
1702
1706
1709
1712
1715
1718
1721
1724
1728
1731
1734
1737
1740
1743
1746
1748
1750
1753
1755
1758
1761
1763
1766
1769
1772
1775
1778
1781
1784
1787
1789
1791
1793
1795
1797
1800
1802
1804
1807
1809
1811
1813
1815
1817
1819
1821
1823
1825
1827
1829
1831
1833
1836
1839
1842
1845
1847
1849
1851
1853
1855
1857
1859
1861
1863
1865
1867
1870
1873
1876
1879
1882
1885
1887
1889
1892
1894
1896
1898
1900
1902
1904
1907
1910
1913
1916
1919
1922
1925
1927
1929
1931
1933
1936
1939
1942
1945
1947
1950
1952
1955
1957
1960
1962
1965
1967
1970
1972
1975
1977
1980
1982
1985
1987
1990
1992
1994
1997
2000
2003
2005
2008
2010
2012
2014
2016
2018
2020
2022
2024
2026
2029
2032
2035
2038
2041
2044
2047
2050
2053
2056
2059
2062
2065
2068
2071
2074
2077
2080
2083
2086
2089
2092
2095
2098
2101
2104
2106
2109
2112
2115
2117
2120
2122
2126
2129
2131
2135
2138
2140
2143
2145
2147
2148
2151
2154
2157
2159
2162
2164
2167
2169
2172
2174
2177
2179
2182
2184
2188
2191
2194
2198
2201
2203
2205
2207
2209
2211
2213
2215
2217
2219
2221
2224
2227
2230
2233
2236
2239
2242
2245
2248
2251
2254
2257
2260
2263
2266
2270
2273
2276
2279
2282
2286
2290
2292
2295
2299
2302
2305
2308
2311
2314
2317
2320
2323
2326
2329
2332
2335
2338
2341
2344
2347
2350
2353
2355
2357
2359
2361
2363
2365
2368
2371
2374
2377
2380
2383
2386
2389
2392
2395
2398
2401
2404
2407
2410
2413
2416
2418
2420
2422
2424
2427
2430
2432
2435
2438
2441
2444
2447
2450
2453
2456
2459
2463
2467
2471
2475
2478
2481
2484
2487
2490
2493
2496
2499
2502
2505
2508
2511
2513
2516
2518
2520
2522
2525
2527
2530
2533
2536
2539
2542
2545
2548
2551
2554
2557
2560
2562
2565
2567
2569
2572
2575
2577
2579
2582
2585
2588
2591
2594
2597
2601
2605
2609
2613
2617
2622
2627
2633
2639
2647
2660
2699
2706
2710
2713
2715
2717
2719
2721
2723
2725
2727
2729
2730
2732
2734
2736
2738
2740
2742
2744
2746
2748
2750
2752
2754
2756
2758
2761
2763
2766
2769
2772
2774
2776
2779
2781
2783
2785
2787
2790
2793
2796
2798
2800
2802
2804
2806
2808
2810
2812
2814
2816
2818
2820
2822
2824
2826
2828
2830
2832
2834
2836
2838
2840
2842
2844
2846
2848
2850
2852
2854
2856
2858
2860
2862
2864
2866
2868
2870
2872
2874
2876
2878
2880
2882
2884
2886
2888
2890
2892
2894
2896
2898
2900
2902
2904
2906
2908
2910
2912
2914
2916
2918
2920
2922
2924
2926
2928
2930
2932
2934
2936
2938
2940
2942
2944
2946
2948
2950
2952
2954
2956
2958
2960
2963
2965
2967
2969
2972
2974
2976
2978
2980
2982
2984
2986
2988
2990
2992
2994
2996
2998
3000
3002
3004
3006
3008
3010
3012
3013
3015
3017
3018
3020
3022
3023
3025
3027
3029
3031
3033
3035
3037
3039
3041
3043
3045
3047
3049
3051
3053
3055
3057
3059
3061
3063
3065
3067
3069
3071
3073
3075
3077
3080
3083
3085
3087
3089
3091
3093
3095
3097
3100
3103
3105
3108
3110
3113
3116
3118
3120
3123
3125
3127
3129
3131
3133
3135
3137
3139
3141
3143
3145
3148
3151
3154
3157
3160
3163
3165
3168
3171
3174
3177
3180
3182
3184
3187
3190
3193
3196
3199
3202
3205
3208
3212
3216
3219
3222
3225
3228
3231
3234
3236
3239
3242
3245
3248
3252
3256
3261
3266
3271
3275
3279
3283
3286
3290
3294
3300
3305
3311
3316
3321
3325
3328
3331
3335
3339
3343
3348
3352
3356
3360
3364
3367
3369
3372
3374
3377
3379
3382
3385
3387
3390
3392
3396
3399
3401
3404
3406
3409
3411
3414
3415
3418
3421
3424
3428
3431
3435
3438
3442
3446
3451
3454
3458
3462
3465
3468
3470
3473
3475
3478
3480
3483
3485
3488
3490
3493
3495
3498
3501
3504
3506
3509
3511
3515
3518
3521
3524
3527
3529
3532
3535
3538
3541
3544
3547
3550
3553
3556
3560
3564
3568
3572
3576
3580
3583
3586
3589
3592
3595
3598
3602
3605
3608
3611
3615
3619
3621
3624
3626
3629
3631
3634
3637
3639
3642
3645
3648
3651
3654
3657
3660
3664
3668
3671
3675
3679
3683
3687
3691
3696
3701
3707
3713
3718
3723
3727
3733
3737
3741
3745
3749
3754
3759
3763
3767
3771
3775
3779
3784
3790
3795
3800
3805
3810
3815
3820
3824
3829
3834
3841
3844
3849
3853
3857
3861
3864
3867
3870
3873
3876
3879
3881
3884
3886
3889
3891
3893
3895
3897
3899
3901
3903
3905
3907
3909
3911
3913
3915
3917
3919
3921
3923
3925
3927
3929
3931
3933
3935
3937
3939
3942
3945
3947
3949
3951
3954
3957
3960
3964
3968
3973
3978
3983
3988
3993
3998
4002
4006
4010
4014
4018
4022
4026
4030
4034
4037
4040
4044
4046
4049
4051
4055
4058
4062
4066
4069
4073
4077
4080
4084
4088
4091
4093
4096
4099
4102
4105
4108
4112
4114
4117
4119
4122
4124
4127
4129
4132
4134
4137
4140
4143
4146
4148
4151
4153
4156
4158
4161
4163
4166
4169
4172
4175
4177
4181
4183
4186
4188
4191
4194
4197
4200
4204
4206
4210
4214
4217
4221
4225
4228
4231
4235
4238
4241
4244
4248
4251
4254
4258
4263
4267
4271
4275
4279
4282
4285
4288
4290
4293
4296
4299
4302
4306
4311
4316
4320
4324
4329
4334
4339
4344
4349
4355
4361
4367
4375
4388
4404
4462
4465
4469
4477
4486
4493
4499
4506
4511
4517
4523
4529
4534
4539
4545
4550
4555
4559
4562
4565
4568
4571
4574
4577
4580
4583
4585
4587
4589
4591
4593
4595
4597
4599
4601
4603
4605
4608
4610
4612
4614
4616
4619
4621
4624
4626
4628
4631
4634
4637
4640
4643
4646
4649
4652
4655
4658
4661
4664
4666
4668
4670
4672
4674
4676
4678
4680
4682
4684
4686
4688
4690
4692
4694
4696
4699
4702
4705
4708
4711
4714
4717
4720
4723
4726
4730
4733
4736
4739
4742
4745
4748
4751
4753
4756
4759
4762
4765
4768
4771
4774
4777
4780
4783
4786
4789
4791
4793
4796
4798
4801
4803
4805
4807
4808
4810
4812
4813
4815
4817
4819
4821
4822
4824
4826
4828
4830
4833
4836
4839
4842
4844
4846
4848
4851
4853
4855
4857
4859
4861
4863
4865
4867
4869
4871
4873
4875
4877
4879
4881
4883
4885
4887
4889
4891
4893
4895
4897
4899
4901
4903
4905
4907
4909
4911
4913
4915
4917
4919
4921
4923
4925
4927
4928
4929
4931
4933
4935
4936
4938
4940
4942
4944
4946
4948
4950
4952
4954
4956
4958
4960
4962
4964
4966
4968
4970
4972
4974
4976
4978
4980
4982
4984
4986
4988
4990
4991
4993
4994
4996
4997
4999
5000
5002
5003
5005
5007
5009
5011
5013
5015
5017
5019
5021
5023
5025
5027
5029
5031
5033
5035
5037
5039
5041
5043
5045
5047
5049
5051
5053
5055
5057
5059
5061
5063
5065
5067
5069
5071
5073
5075
5077
5079
5081
5083
5085
5087
5089
5091
5092
5094
5096
5097
5099
5101
5103
5105
5107
5109
5111
5113
5115
5117
5119
5122
5125
5128
5131
5134
5137
5141
5144
5148
5153
5158
5163
5168
5173
5179
5186
5193
5200
5209
5845
5850
5867
5878
5887
5891
5896
5901
5907
5911
5915
5919
5922
5926
5930
5934
5938
5942
5945
5949
5954
5958
5963
5968
5974
5979
5985
5992
5999
6006
6014
6022
6032
6048
6163
6174
6186
6197
6201
6208
6214
6219
6223
6227
6231
6235
6239
6242
6245
6248
6251
6254
6257
6260
6263
6266
6269
6272
6275
6278
6281
6284
6286
6288
6290
6292
6294
6296
6298
6300
6302
6304
6306
6308
6310
6312
6314
6316
6318
6319
6321
6323
6325
6327
6330
6332
6334
6336
6338
6340
6342
6344
6347
6350
6353
6356
6359
6363
6367
6371
6375
6379
6382
6386
6389
6392
6396
6401
6406
6411
6416
6422
6429
6437
6445
6452
6459
6465
6470
6473
6477
6479
6482
6485
6488
6491
6494
6497
6500
6503
6506
6509
6511
6513
6515
6517
6519
6522
6523
6525
6528
6530
6532
6535
6538
6541
6544
6547
6550
6553
6556
6559
6562
6565
6568
6571
6574
6577
6580
6583
6586
6589
6592
6595
6598
6601
6604
6607
6610
6613
6616
6618
6621
6624
6627
6629
6631
6634
6637
6640
6642
6644
6647
6650
6653
6656
6659
6662
6665
6668
6671
6674
6677
6680
6684
6687
6690
6693
6695
6698
6700
6703
6706
6709
6712
6715
6717
6720
6722
6725
6727
6730
6733
6736
6739
6741
6743
6745
6749
6844
6846
6849
6852
6855
6858
6861
6864
6867
6870
6872
6874
6876
6878
6880
6882
6884
6886
6888
6890
6892
6894
6896
6898
6900
6902
6904
6906
6908
6910
6912
6914
6917
6920
6922
6924
6927
6930
6932
6934
6936
6938
6940
6942
6944
6946
6948
6950
6952
6954
6956
6958
6960
6962
6964
6967
6969
6971
6973
6975
6977
6979
6981
6984
6987
6990
6992
6995
6997
7000
7002
7005
7008
7011
7014
7017
7020
7023
7026
7029
7031
7033
7036
7038
7041
7043
7046
7047
7049
7051
7053
7055
7057
7059
7061
7063
7065
7067
7068
7070
7072
7074
7076
7078
7081
7083
7085
7087
7089
7090
7091
7093
7095
7097
7099
7101
7103
7106
7109
7112
7114
7116
7118
7120
7123
7126
7129
7131
7134
7137
7140
7143
7146
7148
7150
7152
7154
7156
7158
7160
7162
7165
7167
7169
7171
7173
7175
7177
7179
7181
7183
7185
7188
7191
7194
7197
7200
7203
7206
7208
7210
7212
7214
7216
7218
7220
7222
7224
7226
7228
7231
7233
7235
7237
7239
7241
7243
7245
7247
7249
7251
7253
7255
7258
7261
7264
7267
7270
7272
7274
7276
7278
7280
7282
7284
7286
7288
7290
7292
7295
7297
7300
7303
7306
7309
7312
7315
7318
7321
7324
7327
7330
7333
7336
7340
7344
7349
7354
7359
7363
7367
7370
7373
7376
7379
7381
7383
7385
7387
7389
7391
7393
7395
7397
7399
7401
7403
7405
7407
7409
7411
7413
7415
7418
7420
7422
7424
7425
7427
7429
7431
7433
7435
7437
7439
7441
7443
7445
7447
7449
7452
7455
7458
7461
7463
7465
7467
7469
7471
7473
7475
7478
7480
7482
7484
7486
7488
7489
7490
7492
7494
7496
7499
7501
7503
7505
7507
7509
7511
7513
7516
7519
7522
7525
7528
7531
7534
7537
7540
7543
7546
7549
7551
7554
7557
7559
7562
7565
7568
7571
7574
7577
7579
7581
7583
7586
7589
7592
7595
7598
7600
7603
7605
7608
7610
7613
7615
7618
7621
7624
7626
7629
7632
7635
7637
7640
7642
7646
7649
7653
7656
7658
7660
7663
7665
7667
7670
7671
7673
7676
7679
7683
7687
7692
7698
7707
7723
7744
7752
7755
7760
7764
7767
7770
7773
7775
7777
7779
7781
7783
7785
7787
7789
7791
7793
7796
7799
7802
7805
7808
7811
7814
7817
7820
7823
7826
7829
7831
7833
7835
7837
7839
7841
7843
7845
7847
7849
7851
7853
7855
7857
7859
7861
7863
7865
7867
7868
7870
7872
7874
7876
7878
7880
7882
7884
7886
7888
7890
7892
7893
7894
7896
7898
7900
7902
7904
7907
7909
7911
7913
7915
7918
7921
7924
7927
7930
7932
7934
7937
7940
7943
7946
7949
7952
7955
7958
7961
7964
7967
7970
7973
7976
7979
7982
7985
7988
7991
7994
7997
8000
8003
8006
8009
8011
8014
8017
8019
8021
8024
8026
8029
8031
8034
8036
8037
8039
8041
8043
8045
8047
8049
8051
8053
8054
8056
8058
8060
8063
8066
8069
8071
8072
8075
8077
8079
8081
8083
8085
8088
8090
8093
8096
8099
8102
8105
8107
8110
8112
8115
8117
8120
8122
8125
8126
8129
8131
8134
8136
8139
8142
8145
8147
8149
8152
8154
8156
8159
8161
8163
8166
8168
8171
8173
8176
8178
8181
8185
8188
8190
8192
8196
8199
8202
8206
8209
8213
8216
8219
8223
8226
8228
8231
8235
8238
8242
8246
8249
8253
8258
8262
8265
8269
8272
8275
8279
8282
8286
8289
8291
8294
8296
8298
8302
8305
8308
8311
8313
8315
8318
8321
8324
8327
8330
8333
8336
8341
8346
8351
8357
8363
8371
8383
8401
8412
8419
8424
8428
8432
8436
8440
8444
8448
8452
8456
8460
8465
8472
8482
8497
8935
8943
8947
8951
8955
8959
8962
8966
8970
8973
8977
8980
8983
8987
8990
8993
8997
8999
9002
9005
9008
9010
9013
9016
9018
9020
9022
9024
9026
9027
9029
9031
9033
9035
9037
9039
9040
9042
9044
9045
9048
