   0
   9
  18
  24
  32
  39
  53
  60
  66
  83
  92
  97
 102
 108
 114
 119
 130
 137
 143
 149
 154
 167
 172
 177
 183
 189
 194
 199
 203
 207
 213
 217
 222
 226
 231
 235
 240
 247
 255
 264
 269
 274
 280
 285
 290
 296
 300
 305
 309
 315
 321
 327
 333
 338
 343
 349
 354
 359
 366
 371
 375
 379
 384
 392
 398
 401
 404
 407
 409
 413
 416
 420
 425
 429
 432
 434
 436
 438
 440
 441
 443
 445
 448
 451
 458
 462
 465
 469
 473
 476
 480
 484
 493
 502
 508
 513
 528
 534
 541
 545
 550
 557
 561
 574
 580
 585
 590
 594
 599
 604
 607
 610
 614
 618
 623
 632
 637
 641
 645
 648
 655
 660
 664
 670
 674
 678
 682
 687
 690
 693
 698
 704
 708
 713
 718
 724
 731
 738
 743
 747
 753
 758
 765
 772
 777
 781
 785
 791
 798
 803
 809
 813
 819
 823
 829
 834
 838
 844
 852
 858
 864
 868
 872
 877
 885
 892
 897
 899
 902
 905
 908
 911
 914
 917
 920
 923
 926
 928
 930
 932
 934
 936
 938
 941
 943
 946
 950
 955
 961
 966
 970
 974
 978
 985
 992
1001
1006
1010
1017
1021
1025
1030
1034
1039
1045
1050
1059
1065
1071
1079
1083
1087
1095
1100
1104
1111
1116
1125
1131
1140
1144
1150
1156
1165
1172
1178
1183
1189
1193
1202
1213
1220
1224
1228
1232
1234
1239
1244
1252
1259
1263
1267
1271
1276
1281
1286
1290
1295
1299
1303
1307
1312
1317
1321
1324
1326
1328
1330
1332
1334
1336
1338
1340
1342
1344
1346
1349
1352
1355
1357
1360
1363
1365
1369
1374
1382
1387
1398
1403
1409
1413
1418
1425
1430
1435
1442
1447
1454
1467
1472
1477
1489
1507
1514
1520
1526
1536
1541
1548
1553
1560
1567
1572
1581
1587
1590
1596
1600
1604
1609
1615
1621
1628
1632
1638
1644
1649
1653
1659
1663
1667
1672
1677
1683
1690
1695
1699
1705
1709
1713
1718
1722
1726
1730
1736
1740
1743
1747
1751
1755
1758
1761
1763
1766
1768
1770
1772
1774
1776
1778
1780
1782
1784
1786
1789
1791
1794
1797
1800
1803
1805
1808
1812
1816
1822
1831
1836
1840
1844
1851
1855
1861
1868
1872
1876
1881
1885
1890
1899
1904
1909
1918
1922
1928
1935
1940
1946
1948
1957
