71
74
77
80
83
86
89
92
95
98
101
104
107
110
113
116
118
120
123
126
129
132
135
137
139
141
143
145
147
150
153
156
159
162
165
168
171
174
178
181
184
187
190
192
195
198
201
203
205
207
209
210
212
213
215
217
219
221
223
225
227
229
231
233
235
237
239
241
243
245
247
249
251
253
255
257
259
262
264
266
268
270
272
274
276
278
280
282
285
288
291
294
296
298
300
302
305
308
310
313
316
319
321
324
327
330
333
336
339
342
345
348
351
354
357
360
362
364
366
368
370
373
376
379
382
385
388
391
394
398
402
406
410
414
416
419
422
425
427
429
431
434
437
440
443
445
447
449
452
455
458
461
464
467
469
471
473
475
477
479
482
485
488
491
494
496
499
501
503
505
507
510
512
514
516
518
520
522
524
526
528
530
532
534
536
539
541
543
545
547
549
551
553
555
557
559
561
563
565
567
569
571
573
575
577
579
581
583
585
586
588
589
591
592
594
596
598
600
602
604
606
608
610
612
614
616
618
620
622
624
626
628
630
632
634
636
638
640
642
644
646
648
650
652
654
656
658
660
662
664
666
668
670
672
674
676
678
680
682
684
686
688
690
692
694
696
698
700
702
704
706
708
710
712
715
718
721
724
726
728
730
732
735
737
739
741
743
745
747
749
751
753
755
757
759
761
763
765
767
769
771
773
775
777
779
781
783
785
788
790
792
795
797
799
801
804
807
810
813
817
821
825
829
833
836
839
842
845
848
851
854
858
862
866
872
879
895
1184
1191
1197
1201
1204
1207
1210
1212
1215
1218
1219
1222
1225
1228
1231
1233
1236
1238
1241
1242
1244
1247
1250
1253
1256
1259
1262
1265
1268
1272
1276
1280
1284
1289
1294
1298
1307
1479
1486
1491
1497
1503
1507
1512
1516
1520
1524
1527
1530
1533
1535
1537
1539
1541
1543
1545
1547
1548
1550
1552
1554
1556
1558
1560
1562
1564
1566
1569
1572
1575
1578
1581
1584
1587
1590
1593
1595
1597
1599
1601
1603
1606
1609
1612
1615
1618
1620
1623
1626
1629
1631
1634
1637
1640
1643
1645
1647
1649
1651
1653
1655
1657
1659
1661
1663
1665
1668
1671
1674
1676
1678
1680
1682
1684
1686
1688
1690
1692
1694
1696
1698
1701
1704
1707
1710
1712
1714
1716
1718
1721
1723
1726
1729
1732
1735
1738
1741
1744
1748
1752
1755
1758
1761
1764
1767
1770
1773
1775
1778
1780
1782
1784
1786
1788
1790
1792
1794
1796
1798
1800
1802
1804
1806
1808
1810
1812
1815
1818
1821
1824
1826
1828
1830
1832
1834
1836
1838
1840
1842
1844
1847
1849
1851
1853
1855
1857
1859
1861
1863
1865
1867
1869
1871
1873
1875
1877
1879
1881
1883
1885
1887
1889
1891
1893
1895
1897
1899
1901
1903
1905
1907
1909
1911
1913
1915
1917
1919
1922
1924
1926
1928
1930
1932
1934
1936
1938
1940
1942
1944
1946
1948
1950
1952
1954
1956
1958
1960
1962
1964
1966
1968
1970
1972
1974
1977
1980
1983
1985
1987
1989
1991
1993
1995
1997
2000
2002
2005
2008
2011
2014
2017
2020
2023
2026
2029
2032
2035
2038
2041
2043
2045
2047
2049
2051
2053
2055
2057
2059
2061
2063
2065
2067
2069
2071
2074
2077
2080
2083
2086
2089
2093
2096
2100
2103
2106
2109
2112
2116
2120
2123
2126
2129
2132
2135
2138
2141
2145
2148
2151
2154
2157
2161
2163
2166
2168
2170
2174
2177
2180
2182
2184
2186
2188
2190
2192
2195
2198
2201
2204
2207
2211
2214
2217
2220
2223
2225
2227
2229
2231
2234
2237
2240
2242
2244
2246
2248
2250
2252
2254
2256
2258
2260
2262
2264
2266
2267
2269
2271
2273
2275
2278
2281
2284
2287
2290
2292
2294
2296
2298
2300
2302
2304
2306
2308
2310
2312
2314
2316
2318
2320
2322
2324
2326
2329
2332
2335
2338
2341
2344
2347
2349
2351
2353
2355
2357
2359
2361
2363
2365
2367
2369
2371
2374
2376
2378
2380
2382
2384
2386
2388
2390
2392
2395
2398
2400
2402
2404
2407
2408
2410
2412
2414
2416
2418
2421
2424
2427
2430
2432
2434
2437
2440
2443
2445
2447
2449
2451
2453
2455
2457
2460
2463
2466
2469
2472
2475
2478
2481
2484
2487
2490
2493
2496
2499
2501
2503
2505
2507
2509
2512
2515
2518
2521
2523
2526
2528
2531
2532
2535
2536
2539
2541
2544
2546
2549
2552
2554
2557
2560
2563
2565
2567
2569
2571
2573
2575
2577
2579
2581
2584
2586
2589
2591
2594
2596
2599
2601
2604
2607
2609
2612
2614
2617
2620
2623
2625
2627
2629
2631
2633
2634
2636
2638
2640
2642
2644
2646
2649
2651
2653
2656
2658
2660
2662
2664
2667
2670
2673
2676
2679
2682
2685
2688
2691
2695
2698
2701
2703
2705
2707
2709
2712
2715
2717
2719
2722
2724
2727
2729
2732
2735
2738
2741
2744
2747
2750
2753
2756
2759
2762
2765
2768
2771
2774
2776
2779
2782
2784
2786
2788
2790
2793
2796
2799
2802
2805
2808
2811
2814
2817
2820
2823
2826
2829
2832
2835
2838
2841
2844
2848
2852
2855
2858
2861
2864
2866
2869
2871
2874
2876
2879
2883
2886
2890
2893
2896
2899
2902
2905
2907
2909
2911
2914
2917
2921
2925
2928
2931
2935
2939
2944
2948
2952
2955
2958
2961
2964
2968
2971
2974
2977
2979
2981
2983
2985
2987
2989
2991
2994
2997
3000
3004
3008
3012
3015
3019
3023
3026
3030
3035
3040
3046
3052
3057
3062
3067
3073
3081
3095
3104
3116
3123
3128
3132
3135
3138
3140
3142
3144
3146
3148
3150
3152
3154
3156
3158
3160
3162
3164
3166
3168
3170
3172
3174
3176
3178
3180
3181
3183
3185
3187
3189
3192
3195
3198
3201
3204
3207
3210
3213
3216
3219
3222
3225
3228
3231
3234
3237
3239
3241
3243
3245
3248
3250
3252
3254
3257
3259
3261
3264
3266
3269
3272
3274
3276
3278
3280
3282
3284
3287
3290
3293
3295
3297
3299
3301
3303
3305
3307
3309
3311
3313
3315
3317
3319
3321
3323
3325
3327
3329
3331
3333
3335
3337
3339
3341
3343
3345
3347
3349
3351
3353
3355
3357
3359
3361
3364
3366
3368
3370
3372
3374
3376
3378
3380
3382
3384
3386
3388
3390
3393
3395
3397
3399
3401
3403
3405
3407
3409
3411
3413
3415
3417
3419
3421
3423
3425
3427
3429
3431
3433
3435
3437
3439
3441
3443
3445
3447
3449
3451
3452
3454
3456
3458
3460
3462
3464
3466
3468
3470
3472
3474
3476
3478
3480
3482
3484
3486
3488
3490
3492
3494
3497
3499
3501
3504
3506
3508
3510
3512
3514
3516
3519
3522
3525
3527
3529
3532
3535
3537
3540
3543
3545
3547
3549
3552
3554
3557
3560
3562
3565
3567
3570
3573
3575
3577
3579
3581
3583
3586
3588
3590
3593
3596
3599
3602
3605
3608
3611
3614
3617
3620
3623
3626
3629
3632
3636
3640
3644
3648
3652
3657
3663
3668
3674
3680
3687
3695
3709
3733
3740
3744
3892
3900
3906
3911
3916
3921
3925
3929
3933
3936
3940
3942
3945
3947
3949
3951
3952
3954
3956
3957
3959
3961
3962
3963
3964
3966
3967
3970
3973
3975
3977
3979
3981
3983
3985
3987
3989
3991
3993
3996
3999
4002
4005
4008
4011
4014
4017
4020
4023
4026
4029
4032
4035
4038
4041
4044
4047
4050
4053
4056
4059
4062
4064
4067
4069
4072
4075
4077
4080
4084
4086
4089
4092
4094
4098
4101
4103
4105
4107
4110
4112
4114
4117
4120
4123
4126
4129
4132
4134
4136
4137
4139
4142
4145
4148
4150
4153
4156
4158
4160
4162
4165
4168
4171
4174
4177
4179
4182
4184
4186
4188
4190
4192
4194
4196
4198
4200
4202
4204
4206
4208
4210
4212
4214
4216
4219
4222
4224
4226
4228
4231
4233
4235
4237
4239
4241
4243
4245
4247
4250
4252
4254
4256
4258
4260
4262
4264
4266
4268
4270
4271
4273
4275
4277
4279
4281
4283
4285
4287
4289
4291
4293
4295
4297
4299
4301
4303
4305
4307
4309
4311
4313
4315
4317
4319
4321
4323
4325
4327
4329
4331
4333
4335
4337
4339
4341
4343
4345
4347
4349
4351
4353
4355
4357
4358
4360
4361
4363
4364
4366
4368
4370
4372
4374
4376
4378
4380
4382
4384
4386
4388
4390
4392
4394
4396
4398
4400
4402
4404
4406
4408
4410
4412
4414
4416
4418
4420
4422
4424
4426
4428
4430
4432
4434
4436
4438
4440
4442
4444
4446
4448
4450
4452
4454
4456
4458
4460
4462
4464
4466
4467
4469
4471
4473
4475
4477
4479
4482
4485
4488
4491
4494
4497
4500
4503
4506
4509
4512
4514
4517
4520
4522
4524
4527
4530
4533
4536
4539
4542
4545
4548
4551
4554
4557
4561
4564
4568
4572
4576
4581
4586
4591
4597
4606
4684
4688
4696
4700
4703
4708
4714
4722
4727
4732
4744
4861
4865
4870
4878
4885
4889
4894
4897
4900
4906
4916
4922
4926
4930
4933
4934
4942
4948
4952
4955
4959
4963
4967
4969
4976
4979
5077
5080
5083
5086
5088
5092
5097
5102
5106
5110
5113
5116
5120
5123
5126
5130
5133
5136
5140
5144
5148
5152
5156
5160
5163
5166
5169
5172
5174
5176
5178
5180
5182
5184
5186
5188
5190
5192
5194
5196
5198
5200
5202
5204
5207
5210
5213
5216
5219
5222
5225
5228
5231
5234
5237
5240
5243
5246
5249
5252
5255
5258
5261
5263
5266
5269
5271
5273
5275
5277
5279
5281
5283
5285
5287
5289
5291
5293
5296
5298
5300
5303
5306
5309
5311
5313
5315
5317
5319
5321
5324
5326
5328
5330
5332
5334
5336
5338
5340
5342
5344
5346
5348
5350
5352
5354
5357
5360
5363
5365
5367
5370
5373
5376
5378
5381
5384
5386
5389
5391
5393
5396
5399
5402
5404
5406
5407
5409
5411
5413
5414
5416
5417
5419
5421
5423
5425
5427
5429
5431
5433
5434
5436
5437
5439
5441
5443
5445
5447
5449
5451
5453
5455
5457
5459
5461
5464
5467
5470
5473
5475
5478
5481
5484
5486
5489
5492
5494
5497
5499
5501
5503
5505
5507
5509
5512
5515
5518
5521
5524
5526
5528
5530
5532
5534
5536
5538
5540
5542
5544
5546
5548
5550
5552
5554
5556
5558
5560
5562
5564
5566
5568
5570
5572
5574
5576
5578
5580
5582
5584
5586
5588
5590
5592
5594
5596
5598
5600
5602
5604
5606
5608
5610
5612
5614
5616
5618
5620
5622
5624
5626
5628
5630
5632
5634
5636
5638
5640
5642
5644
5646
5648
5650
5652
5654
5656
5658
5660
5662
5664
5666
5668
5670
5672
5674
5676
5678
5680
5682
5684
5686
5688
5690
5692
5694
5696
5698
5700
5702
5704
5706
5708
5710
5712
5714
5716
5718
5720
5722
5724
5726
5728
5730
5732
5734
5736
5738
5740
5742
5744
5746
5748
5750
5752
5754
5756
5758
5760
5762
5764
5766
5768
5770
5773
5775
5777
5779
5781
5783
5785
5787
5789
5791
5794
5797
5799
5801
5803
5805
5807
5809
5811
5813
5815
5817
5819
5821
5823
5825
5827
5829
5831
5833
5835
5837
5839
5842
5845
5847
5849
5852
5855
5858
5861
5864
5867
5869
5872
5874
5876
5878
5880
5882
5885
5888
5890
5892
5894
5897
5899
5901
5903
5906
5909
5912
5916
5919
5922
5926
5929
5933
5938
5944
5951
5959
5965
5970
5974
5977
5980
5983
5985
5987
5989
5991
5992
5994
5996
5998
6000
6002
6004
6006
6008
6010
6012
6015
6018
6021
6024
6027
6030
6033
6036
6039
6042
6045
6048
6051
6054
6057
6060
6063
6066
6069
6071
6074
6077
6080
6082
6085
6088
6091
6094
6097
6099
6101
6103
6105
6108
6111
6114
6116
6118
6120
6122
6125
6128
6131
6134
6137
6140
6143
6146
6149
6152
6155
6158
6161
6163
6166
6168
6170
6172
6174
6176
6178
6180
6182
6185
6187
6189
6192
6195
6198
6201
6204
6206
6208
6210
6213
6215
6217
6220
6223
6226
6229
6232
6235
6239
6242
6246
6250
6253
6256
6260
6263
6266
6269
6273
6276
6279
6282
6285
6289
6293
6297
6301
6305
6308
6311
6314
6317
6320
6323
6327
6331
6335
6339
6343
6347
6352
6358
6365
6373
6376
6379
6382
6384
6386
6389
6392
6395
6397
6399
6401
6403
6405
6407
6409
6411
6413
6415
6417
6419
6422
6424
6426
6429
6432
6435
6438
6441
6443
6446
6449
6451
6453
6455
6457
6459
6461
6462
6464
6466
6468
6471
6474
6477
6479
6481
6483
6485
6487
6489
6491
6493
6495
6497
6500
6503
6505
6508
6510
6513
6515
6518
6521
6523
6526
6529
6531
6533
6535
6538
6540
6542
6545
6547
6549
6552
6555
6558
6561
6564
6567
6570
6573
6576
6579
6582
6585
6588
6591
6594
6597
6600
6604
6608
6612
6615
6618
6620
6623
6626
6629
6631
6634
6636
6638
6640
6642
6644
6646
6648
6650
6652
6653
6654
6655
6657
6658
6660
6662
6664
6666
6668
6670
6672
6674
6676
6678
6681
6684
6686
6688
6690
6692
6694
6697
6700
6702
6704
6707
6709
6712
6715
6717
6720
6723
6725
6728
6730
6732
6734
6736
6738
6740
6742
6744
6746
6748
6751
6754
6757
6759
6761
6763
6765
6768
6769
6771
6773
6776
6778
6781
6782
6785
6788
6791
6793
6796
6799
6802
6803
6805
6807
6808
6810
6812
6815
6817
6820
6822
6825
6828
6830
6832
6834
6836
6838
6840
6842
6844
6847
6849
6852
6855
6858
6862
6865
6868
6871
6874
6877
6880
6883
6886
6889
6892
6895
6898
6901
6904
6907
6910
6912
6914
6917
6919
6922
6925
6928
6931
6935
6940
6947
6958
7324
7330
7335
7339
7344
7349
7354
7358
7362
7365
7369
7373
7377
7381
7385
7389
7393
7397
7400
7402
7405
7407
7410
7412
7414
7417
7420
7422
7424
7425
7427
7429
7431
7433
7435
7437
7439
7441
7443
7445
7447
7451
7453
7455
7457
7459
7461
7463
7465
7467
7471
7473
7475
7477
7479
7481
